0.529631 1.954 1 8000 400.000000
0.503959 3.901 2 8000 600.000000
0.484607 5.860 3 8000 700.000000
0.459330 7.826 4 8000 900.000000
0.459330 9.777 5 8000 900.000000
0.459330 11.741 6 8000 900.000000
0.459330 13.695 7 8000 900.000000
0.459330 15.642 8 8000 900.000000
0.459330 17.591 9 8000 900.000000
0.459330 19.542 10 8000 900.000000
0.459330 21.503 11 8000 900.000000
0.459330 23.469 12 8000 900.000000
0.459330 25.417 13 8000 900.000000
0.459330 27.366 14 8000 900.000000
0.459330 29.325 15 8000 900.000000
0.459330 31.277 16 8000 900.000000
0.459330 33.225 17 8000 900.000000
0.459330 35.171 18 8000 900.000000
0.459330 37.122 19 8000 900.000000
0.459330 39.081 20 8000 900.000000
0.459330 41.027 21 8000 900.000000
0.459330 42.975 22 8000 900.000000
0.459330 44.935 23 8000 900.000000
0.459330 46.891 24 8000 900.000000
0.459330 48.839 25 8000 900.000000
0.459330 50.815 26 8000 900.000000
0.459330 52.766 27 8000 900.000000
0.459330 54.722 28 8000 900.000000
0.459330 56.681 29 8000 900.000000
0.459330 58.677 30 8000 900.000000
0.459330 60.631 31 8000 900.000000
0.459330 62.598 32 8000 900.000000
0.459330 64.564 33 8000 900.000000
0.459330 66.530 34 8000 900.000000
0.459330 68.494 35 8000 900.000000
0.459330 70.461 36 8000 900.000000
0.459330 72.430 37 8000 900.000000
0.459330 74.397 38 8000 900.000000
0.459330 76.367 39 8000 900.000000
0.459330 78.338 40 8000 900.000000
0.459330 80.300 41 8000 900.000000
0.459330 82.259 42 8000 900.000000
0.459330 84.218 43 8000 900.000000
0.459330 86.196 44 8000 900.000000
0.459330 88.163 45 8000 900.000000
0.459330 90.148 46 8000 900.000000
0.459330 92.111 47 8000 900.000000
0.459330 94.082 48 8000 900.000000
0.459330 96.047 49 8000 900.000000
0.459330 98.003 50 8000 900.000000
0.459330 99.949 51 8000 900.000000
0.459330 101.897 52 8000 900.000000
0.459330 103.842 53 8000 900.000000
0.459330 105.802 54 8000 900.000000
0.459330 107.749 55 8000 900.000000
0.459330 109.696 56 8000 900.000000
0.459330 111.672 57 8000 900.000000
0.459330 113.630 58 8000 900.000000
0.459330 115.583 59 8000 900.000000
0.459330 117.614 60 8000 900.000000
0.459330 119.562 61 8000 900.000000
0.459330 121.510 62 8000 900.000000
0.459330 123.470 63 8000 900.000000
0.459330 125.427 64 8000 900.000000
0.459330 127.391 65 8000 900.000000
0.459330 129.357 66 8000 900.000000
0.459330 131.317 67 8000 900.000000
0.459330 133.294 68 8000 900.000000
0.459330 135.248 69 8000 900.000000
0.459330 137.214 70 8000 900.000000
0.459330 139.180 71 8000 900.000000
0.459330 141.142 72 8000 900.000000
0.459330 143.093 73 8000 900.000000
0.459330 145.051 74 8000 900.000000
0.459330 147.038 75 8000 900.000000
0.459330 148.988 76 8000 900.000000
0.459330 150.936 77 8000 900.000000
0.459330 152.887 78 8000 900.000000
0.459330 154.843 79 8000 900.000000
0.459330 156.804 80 8000 900.000000
0.459330 158.753 81 8000 900.000000
0.459330 160.713 82 8000 900.000000
0.459330 162.674 83 8000 900.000000
0.459330 164.635 84 8000 900.000000
0.459330 166.584 85 8000 900.000000
0.459330 168.531 86 8000 900.000000
0.459330 170.478 87 8000 900.000000
0.459330 172.455 88 8000 900.000000
0.459330 174.413 89 8000 900.000000
0.459330 176.362 90 8000 900.000000
0.459330 178.327 91 8000 900.000000
0.459330 180.285 92 8000 900.000000
0.459330 182.236 93 8000 900.000000
0.459330 184.183 94 8000 900.000000
0.459330 186.130 95 8000 900.000000
0.459330 188.077 96 8000 900.000000
0.459330 190.042 97 8000 900.000000
0.459330 191.997 98 8000 900.000000
0.459330 193.992 99 8000 900.000000
0.459330 195.953 100 8000 900.000000
