0.000000 1.974 1 8000 100.000000
0.000000 3.946 2 8000 100.000000
0.000000 5.899 3 8000 100.000000
0.000000 7.867 4 8000 100.000000
0.000000 9.845 5 8000 100.000000
0.000000 11.806 6 8000 100.000000
0.000000 13.766 7 8000 100.000000
0.000000 15.749 8 8000 100.000000
0.000000 17.719 9 8000 100.000000
0.000000 19.699 10 8000 100.000000
0.000000 21.683 11 8000 100.000000
0.000000 23.665 12 8000 100.000000
0.000000 25.652 13 8000 100.000000
0.000000 27.629 14 8000 100.000000
0.000000 29.595 15 8000 100.000000
0.000000 31.550 16 8000 100.000000
0.000000 33.511 17 8000 100.000000
0.000000 35.478 18 8000 100.000000
0.000000 37.450 19 8000 100.000000
0.000000 39.432 20 8000 100.000000
0.000000 41.406 21 8000 100.000000
0.000000 43.381 22 8000 100.000000
0.000000 45.359 23 8000 100.000000
0.000000 47.339 24 8000 100.000000
0.000000 49.305 25 8000 100.000000
0.000000 51.265 26 8000 100.000000
0.000000 53.234 27 8000 100.000000
0.000000 55.187 28 8000 100.000000
0.000000 57.138 29 8000 100.000000
0.000000 59.093 30 8000 100.000000
0.000000 61.067 31 8000 100.000000
0.000000 63.025 32 8000 100.000000
0.000000 65.041 33 8000 100.000000
0.000000 67.040 34 8000 100.000000
0.000000 68.990 35 8000 100.000000
0.000000 70.947 36 8000 100.000000
0.000000 72.895 37 8000 100.000000
0.000000 74.911 38 8000 100.000000
0.000000 76.872 39 8000 100.000000
0.000000 78.829 40 8000 100.000000
0.000000 80.793 41 8000 100.000000
0.000000 82.753 42 8000 100.000000
0.000000 84.700 43 8000 100.000000
0.000000 86.658 44 8000 100.000000
0.000000 88.604 45 8000 100.000000
0.000000 90.553 46 8000 100.000000
0.000000 92.502 47 8000 100.000000
0.000000 94.470 48 8000 100.000000
0.000000 96.432 49 8000 100.000000
0.000000 98.379 50 8000 100.000000
0.000000 100.324 51 8000 100.000000
0.000000 102.272 52 8000 100.000000
0.000000 104.229 53 8000 100.000000
0.000000 106.176 54 8000 100.000000
0.000000 108.122 55 8000 100.000000
0.000000 110.095 56 8000 100.000000
0.000000 112.054 57 8000 100.000000
0.000000 114.012 58 8000 100.000000
0.000000 115.980 59 8000 100.000000
0.000000 117.936 60 8000 100.000000
0.000000 119.894 61 8000 100.000000
0.000000 121.873 62 8000 100.000000
0.000000 123.819 63 8000 100.000000
0.000000 125.767 64 8000 100.000000
0.000000 127.729 65 8000 100.000000
0.000000 129.690 66 8000 100.000000
0.000000 131.637 67 8000 100.000000
0.000000 133.585 68 8000 100.000000
0.000000 135.531 69 8000 100.000000
0.000000 137.489 70 8000 100.000000
0.000000 139.437 71 8000 100.000000
0.000000 141.385 72 8000 100.000000
0.000000 143.337 73 8000 100.000000
0.000000 145.295 74 8000 100.000000
0.000000 147.241 75 8000 100.000000
0.000000 149.216 76 8000 100.000000
0.000000 151.163 77 8000 100.000000
0.000000 153.123 78 8000 100.000000
0.000000 155.068 79 8000 100.000000
0.000000 157.016 80 8000 100.000000
0.000000 158.962 81 8000 100.000000
0.000000 160.923 82 8000 100.000000
0.000000 162.884 83 8000 100.000000
0.000000 164.831 84 8000 100.000000
0.000000 166.778 85 8000 100.000000
0.000000 168.725 86 8000 100.000000
0.000000 170.803 87 8000 100.000000
0.000000 173.051 88 8000 100.000000
0.000000 174.997 89 8000 100.000000
0.000000 176.946 90 8000 100.000000
0.000000 178.903 91 8000 100.000000
0.000000 180.867 92 8000 100.000000
0.000000 182.815 93 8000 100.000000
0.000000 184.825 94 8000 100.000000
0.000000 186.837 95 8000 100.000000
0.000000 188.784 96 8000 100.000000
0.000000 190.732 97 8000 100.000000
0.000000 192.678 98 8000 100.000000
0.000000 194.633 99 8000 100.000000
0.000000 196.594 100 8000 100.000000
