1.282487 0.243 1 4000 200.000000
1.241204 0.481 2 4000 400.000000
0.934391 0.723 3 4000 700.000000
0.934391 0.960 4 4000 700.000000
0.482453 1.198 5 4000 800.000000
0.482453 1.438 6 4000 800.000000
0.482453 1.676 7 4000 800.000000
0.482453 1.914 8 4000 800.000000
0.482453 2.152 9 4000 800.000000
0.432571 2.390 10 4000 900.000000
0.432571 2.629 11 4000 900.000000
0.432571 2.867 12 4000 900.000000
0.432571 3.105 13 4000 900.000000
0.432571 3.343 14 4000 900.000000
0.432571 3.581 15 4000 900.000000
0.432571 3.820 16 4000 900.000000
0.432571 4.060 17 4000 900.000000
0.432571 4.299 18 4000 900.000000
0.432571 4.540 19 4000 900.000000
0.432571 4.781 20 4000 900.000000
0.432571 5.019 21 4000 900.000000
0.432571 5.257 22 4000 900.000000
0.432571 5.499 23 4000 900.000000
0.432571 5.737 24 4000 900.000000
0.432571 5.976 25 4000 900.000000
0.432571 6.215 26 4000 900.000000
0.432571 6.453 27 4000 900.000000
0.432571 6.691 28 4000 900.000000
0.432571 6.929 29 4000 900.000000
0.432571 7.167 30 4000 900.000000
0.432571 7.405 31 4000 900.000000
0.432571 7.643 32 4000 900.000000
0.432571 7.881 33 4000 900.000000
0.432571 8.122 34 4000 900.000000
0.432571 8.360 35 4000 900.000000
0.432571 8.599 36 4000 900.000000
0.432571 8.840 37 4000 900.000000
0.432571 9.079 38 4000 900.000000
0.432571 9.316 39 4000 900.000000
0.432571 9.555 40 4000 900.000000
0.432571 9.794 41 4000 900.000000
0.416899 10.035 42 4000 1000.000000
0.416899 10.274 43 4000 1000.000000
0.416899 10.512 44 4000 1000.000000
0.408553 10.751 45 4000 1100.000000
0.408553 10.990 46 4000 1100.000000
0.408553 11.228 47 4000 1100.000000
0.408553 11.466 48 4000 1100.000000
0.408553 11.704 49 4000 1100.000000
0.408553 11.969 50 4000 1100.000000
0.408553 12.208 51 4000 1100.000000
0.408553 12.449 52 4000 1100.000000
0.408553 12.689 53 4000 1100.000000
0.408553 12.927 54 4000 1100.000000
0.408553 13.165 55 4000 1100.000000
0.408553 13.406 56 4000 1100.000000
0.408553 13.644 57 4000 1100.000000
0.408553 13.885 58 4000 1100.000000
0.408553 14.123 59 4000 1100.000000
0.408553 14.361 60 4000 1100.000000
0.408553 14.599 61 4000 1100.000000
0.408553 14.840 62 4000 1100.000000
0.408553 15.078 63 4000 1100.000000
0.408553 15.317 64 4000 1100.000000
0.408553 15.555 65 4000 1100.000000
0.408553 15.793 66 4000 1100.000000
0.408553 16.031 67 4000 1100.000000
0.408553 16.269 68 4000 1100.000000
0.408553 16.510 69 4000 1100.000000
0.408553 16.752 70 4000 1100.000000
0.408553 16.990 71 4000 1100.000000
0.408553 17.228 72 4000 1100.000000
0.408553 17.468 73 4000 1100.000000
0.408553 17.707 74 4000 1100.000000
0.408553 17.945 75 4000 1100.000000
0.408553 18.183 76 4000 1100.000000
0.408553 18.421 77 4000 1100.000000
0.408553 18.659 78 4000 1100.000000
0.408553 18.898 79 4000 1100.000000
0.408553 19.137 80 4000 1100.000000
0.408553 19.378 81 4000 1100.000000
0.408553 19.618 82 4000 1100.000000
0.408553 19.858 83 4000 1100.000000
0.323568 20.098 84 4000 1200.000000
0.323568 20.336 85 4000 1200.000000
0.323568 20.579 86 4000 1200.000000
0.323568 20.819 87 4000 1200.000000
0.323568 21.057 88 4000 1200.000000
0.323568 21.295 89 4000 1200.000000
0.323568 21.534 90 4000 1200.000000
0.323568 21.772 91 4000 1200.000000
0.323568 22.010 92 4000 1200.000000
0.323568 22.248 93 4000 1200.000000
0.323568 22.486 94 4000 1200.000000
0.323568 22.727 95 4000 1200.000000
0.323568 22.965 96 4000 1200.000000
0.323568 23.207 97 4000 1200.000000
0.323568 23.445 98 4000 1200.000000
0.323568 23.693 99 4000 1200.000000
0.323568 23.931 100 4000 1200.000000
