0.555303 1.953 1 8000 200.000000
0.516993 3.904 2 8000 500.000000
0.503169 5.853 3 8000 600.000000
0.503169 7.804 4 8000 600.000000
0.503169 9.751 5 8000 600.000000
0.503169 11.699 6 8000 600.000000
0.503169 13.646 7 8000 600.000000
0.501985 15.594 8 8000 700.000000
0.501985 17.554 9 8000 700.000000
0.498825 19.501 10 8000 800.000000
0.483027 21.450 11 8000 900.000000
0.479077 23.397 12 8000 1100.000000
0.479077 25.353 13 8000 1100.000000
0.479077 27.310 14 8000 1100.000000
0.479077 29.257 15 8000 1100.000000
0.479077 31.221 16 8000 1100.000000
0.479077 33.209 17 8000 1100.000000
0.479077 35.161 18 8000 1100.000000
0.479077 37.112 19 8000 1100.000000
0.477893 39.064 20 8000 1200.000000
0.477893 41.018 21 8000 1200.000000
0.477893 42.974 22 8000 1200.000000
0.477893 44.930 23 8000 1200.000000
0.477893 46.880 24 8000 1200.000000
0.477893 48.843 25 8000 1200.000000
0.477893 50.816 26 8000 1200.000000
0.477893 52.783 27 8000 1200.000000
0.477893 54.735 28 8000 1200.000000
0.477893 56.684 29 8000 1200.000000
0.477893 58.640 30 8000 1200.000000
0.477893 60.596 31 8000 1200.000000
0.477893 62.545 32 8000 1200.000000
0.477893 64.512 33 8000 1200.000000
0.477893 66.471 34 8000 1200.000000
0.477893 68.435 35 8000 1200.000000
0.477893 70.387 36 8000 1200.000000
0.477893 72.341 37 8000 1200.000000
0.477893 74.297 38 8000 1200.000000
0.477893 76.247 39 8000 1200.000000
0.477893 78.196 40 8000 1200.000000
0.477893 80.148 41 8000 1200.000000
0.477893 82.107 42 8000 1200.000000
0.477893 84.078 43 8000 1200.000000
0.477893 86.033 44 8000 1200.000000
0.477893 87.987 45 8000 1200.000000
0.477893 89.952 46 8000 1200.000000
0.477893 91.905 47 8000 1200.000000
0.477893 93.879 48 8000 1200.000000
0.477893 95.829 49 8000 1200.000000
0.477893 97.791 50 8000 1200.000000
0.477893 101.471 51 8000 1200.000000
0.477893 105.232 52 8000 1200.000000
0.477893 107.432 53 8000 1200.000000
0.477893 109.378 54 8000 1200.000000
0.477893 111.326 55 8000 1200.000000
0.477893 113.273 56 8000 1200.000000
0.477893 115.219 57 8000 1200.000000
0.477893 117.167 58 8000 1200.000000
0.477893 119.113 59 8000 1200.000000
0.477893 121.070 60 8000 1200.000000
0.477893 123.018 61 8000 1200.000000
0.477893 124.969 62 8000 1200.000000
0.477893 126.915 63 8000 1200.000000
0.477893 128.866 64 8000 1200.000000
0.477893 130.822 65 8000 1200.000000
0.477893 132.771 66 8000 1200.000000
0.477893 134.735 67 8000 1200.000000
0.477893 136.698 68 8000 1200.000000
0.477893 138.653 69 8000 1200.000000
0.477893 140.601 70 8000 1200.000000
0.477893 142.548 71 8000 1200.000000
0.477893 144.496 72 8000 1200.000000
0.292265 146.444 73 8000 1300.000000
0.000000 148.392 74 8000 1400.000000
0.000000 150.337 75 8000 1400.000000
0.000000 152.284 76 8000 1400.000000
0.000000 154.261 77 8000 1400.000000
0.000000 156.212 78 8000 1400.000000
0.000000 158.157 79 8000 1400.000000
0.000000 160.113 80 8000 1400.000000
0.000000 162.068 81 8000 1400.000000
0.000000 164.027 82 8000 1400.000000
0.000000 165.992 83 8000 1400.000000
0.000000 167.958 84 8000 1400.000000
0.000000 169.926 85 8000 1400.000000
0.000000 171.885 86 8000 1400.000000
0.000000 173.846 87 8000 1400.000000
0.000000 175.811 88 8000 1400.000000
0.000000 177.774 89 8000 1400.000000
0.000000 179.734 90 8000 1400.000000
0.000000 181.709 91 8000 1400.000000
0.000000 183.662 92 8000 1400.000000
0.000000 185.622 93 8000 1400.000000
0.000000 187.592 94 8000 1400.000000
0.000000 189.547 95 8000 1400.000000
0.000000 191.515 96 8000 1400.000000
0.000000 193.472 97 8000 1400.000000
0.000000 195.441 98 8000 1400.000000
0.000000 197.413 99 8000 1400.000000
0.000000 199.377 100 8000 1400.000000
