0.509094 1.951 1 8000 200.000000
0.508699 3.906 2 8000 300.000000
0.508699 5.854 3 8000 300.000000
0.505144 7.806 4 8000 400.000000
0.505144 9.754 5 8000 400.000000
0.505144 11.719 6 8000 400.000000
0.505144 13.665 7 8000 400.000000
0.505144 15.627 8 8000 400.000000
0.505144 17.575 9 8000 400.000000
0.505144 19.523 10 8000 400.000000
0.505144 21.471 11 8000 400.000000
0.505144 23.430 12 8000 400.000000
0.505144 25.392 13 8000 400.000000
0.505144 27.355 14 8000 400.000000
0.505144 29.309 15 8000 400.000000
0.505144 31.269 16 8000 400.000000
0.505144 33.220 17 8000 400.000000
0.505144 35.166 18 8000 400.000000
0.505144 37.117 19 8000 400.000000
0.505144 39.063 20 8000 400.000000
0.505144 41.016 21 8000 400.000000
0.505144 42.965 22 8000 400.000000
0.505144 44.913 23 8000 400.000000
0.505144 46.875 24 8000 400.000000
0.505144 48.841 25 8000 400.000000
0.505144 50.789 26 8000 400.000000
0.505144 52.812 27 8000 400.000000
0.505144 54.762 28 8000 400.000000
0.505144 56.712 29 8000 400.000000
0.505144 58.668 30 8000 400.000000
0.505144 60.635 31 8000 400.000000
0.505144 62.589 32 8000 400.000000
0.000000 64.551 33 8000 500.000000
0.000000 66.520 34 8000 500.000000
0.000000 68.466 35 8000 500.000000
0.000000 70.439 36 8000 500.000000
0.000000 72.391 37 8000 500.000000
0.000000 74.362 38 8000 500.000000
0.000000 76.315 39 8000 500.000000
0.000000 78.265 40 8000 500.000000
0.000000 80.213 41 8000 500.000000
0.000000 82.201 42 8000 500.000000
0.000000 84.157 43 8000 500.000000
0.000000 86.136 44 8000 500.000000
0.000000 88.085 45 8000 500.000000
0.000000 90.048 46 8000 500.000000
0.000000 92.002 47 8000 500.000000
0.000000 93.971 48 8000 500.000000
0.000000 95.928 49 8000 500.000000
0.000000 97.895 50 8000 500.000000
0.000000 99.851 51 8000 500.000000
0.000000 101.805 52 8000 500.000000
0.000000 103.754 53 8000 500.000000
0.000000 105.734 54 8000 500.000000
0.000000 107.706 55 8000 500.000000
0.000000 109.659 56 8000 500.000000
0.000000 111.614 57 8000 500.000000
0.000000 113.583 58 8000 500.000000
0.000000 115.550 59 8000 500.000000
0.000000 117.525 60 8000 500.000000
0.000000 119.472 61 8000 500.000000
0.000000 121.444 62 8000 500.000000
0.000000 123.390 63 8000 500.000000
0.000000 125.369 64 8000 500.000000
0.000000 127.335 65 8000 500.000000
0.000000 129.304 66 8000 500.000000
0.000000 131.270 67 8000 500.000000
0.000000 133.239 68 8000 500.000000
0.000000 135.194 69 8000 500.000000
0.000000 137.139 70 8000 500.000000
0.000000 139.090 71 8000 500.000000
0.000000 141.060 72 8000 500.000000
0.000000 143.006 73 8000 500.000000
0.000000 144.976 74 8000 500.000000
0.000000 146.943 75 8000 500.000000
0.000000 148.932 76 8000 500.000000
0.000000 150.887 77 8000 500.000000
0.000000 152.857 78 8000 500.000000
0.000000 154.803 79 8000 500.000000
0.000000 156.761 80 8000 500.000000
0.000000 158.725 81 8000 500.000000
0.000000 160.689 82 8000 500.000000
0.000000 162.646 83 8000 500.000000
0.000000 164.611 84 8000 500.000000
0.000000 166.581 85 8000 500.000000
0.000000 168.544 86 8000 500.000000
0.000000 170.494 87 8000 500.000000
0.000000 172.514 88 8000 500.000000
0.000000 174.485 89 8000 500.000000
0.000000 176.445 90 8000 500.000000
0.000000 178.390 91 8000 500.000000
0.000000 180.343 92 8000 500.000000
0.000000 182.334 93 8000 500.000000
0.000000 184.305 94 8000 500.000000
0.000000 186.276 95 8000 500.000000
0.000000 188.239 96 8000 500.000000
0.000000 190.212 97 8000 500.000000
0.000000 192.170 98 8000 500.000000
0.000000 194.140 99 8000 500.000000
0.000000 196.100 100 8000 500.000000
