0.553328 1.974 1 8000 300.000000
0.526077 3.939 2 8000 400.000000
0.517388 5.898 3 8000 500.000000
0.504749 7.847 4 8000 700.000000
0.488161 9.794 5 8000 800.000000
0.488161 11.754 6 8000 800.000000
0.488161 13.699 7 8000 800.000000
0.488161 15.645 8 8000 800.000000
0.488161 17.591 9 8000 800.000000
0.488161 19.544 10 8000 800.000000
0.488161 21.504 11 8000 800.000000
0.475523 23.459 12 8000 900.000000
0.475523 25.404 13 8000 900.000000
0.475523 27.350 14 8000 900.000000
0.475523 29.310 15 8000 900.000000
0.475523 31.276 16 8000 900.000000
0.475523 33.222 17 8000 900.000000
0.475523 35.169 18 8000 900.000000
0.475523 37.135 19 8000 900.000000
0.475523 39.106 20 8000 900.000000
0.475523 41.054 21 8000 900.000000
0.475523 43.028 22 8000 900.000000
0.475523 44.976 23 8000 900.000000
0.475523 46.947 24 8000 900.000000
0.475523 48.910 25 8000 900.000000
0.475523 50.909 26 8000 900.000000
0.475523 52.946 27 8000 900.000000
0.475523 54.937 28 8000 900.000000
0.471968 56.965 29 8000 1000.000000
0.471968 58.913 30 8000 1000.000000
0.471968 60.861 31 8000 1000.000000
0.471968 62.823 32 8000 1000.000000
0.471968 64.777 33 8000 1000.000000
0.471968 66.727 34 8000 1000.000000
0.471968 68.675 35 8000 1000.000000
0.471968 70.635 36 8000 1000.000000
0.471968 72.596 37 8000 1000.000000
0.471968 74.545 38 8000 1000.000000
0.471968 76.493 39 8000 1000.000000
0.471968 78.443 40 8000 1000.000000
0.471968 80.391 41 8000 1000.000000
0.471968 82.338 42 8000 1000.000000
0.471968 84.291 43 8000 1000.000000
0.471968 86.237 44 8000 1000.000000
0.471968 88.197 45 8000 1000.000000
0.471968 90.143 46 8000 1000.000000
0.471968 92.093 47 8000 1000.000000
0.471968 94.039 48 8000 1000.000000
0.471968 96.002 49 8000 1000.000000
0.471968 97.959 50 8000 1000.000000
0.471968 99.908 51 8000 1000.000000
0.471968 101.856 52 8000 1000.000000
0.471968 103.817 53 8000 1000.000000
0.471968 105.780 54 8000 1000.000000
0.471968 107.729 55 8000 1000.000000
0.471968 109.705 56 8000 1000.000000
0.471968 111.653 57 8000 1000.000000
0.471968 113.598 58 8000 1000.000000
0.471968 115.548 59 8000 1000.000000
0.471968 117.494 60 8000 1000.000000
0.471968 119.442 61 8000 1000.000000
0.471968 121.408 62 8000 1000.000000
0.471968 123.357 63 8000 1000.000000
0.471968 125.303 64 8000 1000.000000
0.471968 127.251 65 8000 1000.000000
0.471968 129.211 66 8000 1000.000000
0.471968 131.169 67 8000 1000.000000
0.471968 133.115 68 8000 1000.000000
0.471968 135.063 69 8000 1000.000000
0.471968 137.021 70 8000 1000.000000
0.471968 138.986 71 8000 1000.000000
0.471968 140.933 72 8000 1000.000000
0.471968 142.882 73 8000 1000.000000
0.471968 144.828 74 8000 1000.000000
0.471968 146.776 75 8000 1000.000000
0.471968 148.721 76 8000 1000.000000
0.471968 150.668 77 8000 1000.000000
0.471968 152.613 78 8000 1000.000000
0.471968 154.574 79 8000 1000.000000
0.471968 156.521 80 8000 1000.000000
0.471968 158.473 81 8000 1000.000000
0.471968 160.421 82 8000 1000.000000
0.471968 162.380 83 8000 1000.000000
0.471968 164.338 84 8000 1000.000000
0.471968 166.285 85 8000 1000.000000
0.471968 168.246 86 8000 1000.000000
0.471968 170.210 87 8000 1000.000000
0.471968 172.173 88 8000 1000.000000
0.471968 174.391 89 8000 1000.000000
0.471968 176.338 90 8000 1000.000000
0.471968 178.285 91 8000 1000.000000
0.471968 180.232 92 8000 1000.000000
0.471968 182.180 93 8000 1000.000000
0.471968 184.127 94 8000 1000.000000
0.471968 186.074 95 8000 1000.000000
0.471968 188.037 96 8000 1000.000000
0.471968 189.983 97 8000 1000.000000
0.471968 191.931 98 8000 1000.000000
0.471968 193.878 99 8000 1000.000000
0.471968 195.834 100 8000 1000.000000
