0.531606 1.963 1 8000 300.000000
0.519757 3.926 2 8000 400.000000
0.519757 5.874 3 8000 400.000000
0.500800 7.905 4 8000 500.000000
0.488161 9.853 5 8000 700.000000
0.488161 11.813 6 8000 700.000000
0.469204 13.760 7 8000 800.000000
0.457750 15.720 8 8000 1000.000000
0.000000 17.676 9 8000 1100.000000
0.000000 19.649 10 8000 1100.000000
0.000000 21.626 11 8000 1100.000000
0.000000 23.578 12 8000 1100.000000
0.000000 25.532 13 8000 1100.000000
0.000000 27.499 14 8000 1100.000000
0.000000 29.454 15 8000 1100.000000
0.000000 31.406 16 8000 1100.000000
0.000000 33.352 17 8000 1100.000000
0.000000 35.315 18 8000 1100.000000
0.000000 37.263 19 8000 1100.000000
0.000000 39.222 20 8000 1100.000000
0.000000 41.167 21 8000 1100.000000
0.000000 43.114 22 8000 1100.000000
0.000000 45.066 23 8000 1100.000000
0.000000 47.033 24 8000 1100.000000
0.000000 48.989 25 8000 1100.000000
0.000000 50.951 26 8000 1100.000000
0.000000 52.910 27 8000 1100.000000
0.000000 54.882 28 8000 1100.000000
0.000000 56.829 29 8000 1100.000000
0.000000 58.791 30 8000 1100.000000
0.000000 60.764 31 8000 1100.000000
0.000000 62.745 32 8000 1100.000000
0.000000 64.694 33 8000 1100.000000
0.000000 66.666 34 8000 1100.000000
0.000000 68.627 35 8000 1100.000000
0.000000 70.588 36 8000 1100.000000
0.000000 72.534 37 8000 1100.000000
0.000000 74.485 38 8000 1100.000000
0.000000 76.447 39 8000 1100.000000
0.000000 78.391 40 8000 1100.000000
0.000000 80.353 41 8000 1100.000000
0.000000 82.298 42 8000 1100.000000
0.000000 84.246 43 8000 1100.000000
0.000000 86.211 44 8000 1100.000000
0.000000 88.174 45 8000 1100.000000
0.000000 90.125 46 8000 1100.000000
0.000000 92.085 47 8000 1100.000000
0.000000 94.046 48 8000 1100.000000
0.000000 96.004 49 8000 1100.000000
0.000000 97.950 50 8000 1100.000000
0.000000 99.912 51 8000 1100.000000
0.000000 101.872 52 8000 1100.000000
0.000000 103.820 53 8000 1100.000000
0.000000 105.765 54 8000 1100.000000
0.000000 107.713 55 8000 1100.000000
0.000000 109.659 56 8000 1100.000000
0.000000 111.621 57 8000 1100.000000
0.000000 113.565 58 8000 1100.000000
0.000000 115.528 59 8000 1100.000000
0.000000 117.473 60 8000 1100.000000
0.000000 119.451 61 8000 1100.000000
0.000000 121.396 62 8000 1100.000000
0.000000 123.373 63 8000 1100.000000
0.000000 125.320 64 8000 1100.000000
0.000000 127.280 65 8000 1100.000000
0.000000 129.321 66 8000 1100.000000
0.000000 131.269 67 8000 1100.000000
0.000000 133.217 68 8000 1100.000000
0.000000 135.179 69 8000 1100.000000
0.000000 137.128 70 8000 1100.000000
0.000000 139.080 71 8000 1100.000000
0.000000 141.028 72 8000 1100.000000
0.000000 142.983 73 8000 1100.000000
0.000000 144.936 74 8000 1100.000000
0.000000 146.883 75 8000 1100.000000
0.000000 148.839 76 8000 1100.000000
0.000000 150.786 77 8000 1100.000000
0.000000 152.746 78 8000 1100.000000
0.000000 154.696 79 8000 1100.000000
0.000000 156.642 80 8000 1100.000000
0.000000 158.596 81 8000 1100.000000
0.000000 160.560 82 8000 1100.000000
0.000000 162.515 83 8000 1100.000000
0.000000 164.461 84 8000 1100.000000
0.000000 166.425 85 8000 1100.000000
0.000000 168.387 86 8000 1100.000000
0.000000 170.353 87 8000 1100.000000
0.000000 172.300 88 8000 1100.000000
0.000000 174.245 89 8000 1100.000000
0.000000 176.192 90 8000 1100.000000
0.000000 178.145 91 8000 1100.000000
0.000000 180.146 92 8000 1100.000000
0.000000 182.111 93 8000 1100.000000
0.000000 184.078 94 8000 1100.000000
0.000000 186.038 95 8000 1100.000000
0.000000 187.987 96 8000 1100.000000
0.000000 189.933 97 8000 1100.000000
0.000000 191.880 98 8000 1100.000000
0.000000 193.829 99 8000 1100.000000
0.000000 195.785 100 8000 1100.000000
