0.744098 0.240 1 4000 200.000000
0.744098 0.481 2 4000 200.000000
0.608211 0.719 3 4000 300.000000
0.540299 0.960 4 4000 400.000000
0.540299 1.199 5 4000 400.000000
0.540299 1.437 6 4000 400.000000
0.487423 1.675 7 4000 500.000000
0.443019 1.916 8 4000 600.000000
0.443019 2.159 9 4000 600.000000
0.443019 2.399 10 4000 600.000000
0.443019 2.638 11 4000 600.000000
0.443019 2.880 12 4000 600.000000
0.443019 3.119 13 4000 600.000000
0.443019 3.357 14 4000 600.000000
0.443019 3.595 15 4000 600.000000
0.443019 3.835 16 4000 600.000000
0.443019 4.075 17 4000 600.000000
0.443019 4.316 18 4000 600.000000
0.443019 4.559 19 4000 600.000000
0.443019 4.801 20 4000 600.000000
0.443019 5.041 21 4000 600.000000
0.443019 5.279 22 4000 600.000000
0.443019 5.517 23 4000 600.000000
0.443019 5.759 24 4000 600.000000
0.443019 5.999 25 4000 600.000000
0.443019 6.239 26 4000 600.000000
0.443019 6.481 27 4000 600.000000
0.443019 6.725 28 4000 600.000000
0.443019 6.965 29 4000 600.000000
0.443019 7.207 30 4000 600.000000
0.443019 7.446 31 4000 600.000000
0.443019 7.684 32 4000 600.000000
0.443019 7.923 33 4000 600.000000
0.443019 8.167 34 4000 600.000000
0.443019 8.405 35 4000 600.000000
0.443019 8.648 36 4000 600.000000
0.443019 8.888 37 4000 600.000000
0.443019 9.130 38 4000 600.000000
0.443019 9.368 39 4000 600.000000
0.443019 9.606 40 4000 600.000000
0.443019 9.847 41 4000 600.000000
0.443019 10.085 42 4000 600.000000
0.443019 10.323 43 4000 600.000000
0.443019 10.562 44 4000 600.000000
0.443019 10.800 45 4000 600.000000
0.443019 11.038 46 4000 600.000000
0.443019 11.278 47 4000 600.000000
0.443019 11.516 48 4000 600.000000
0.443019 11.756 49 4000 600.000000
0.443019 11.994 50 4000 600.000000
0.443019 12.232 51 4000 600.000000
0.443019 12.470 52 4000 600.000000
0.443019 12.714 53 4000 600.000000
0.443019 12.954 54 4000 600.000000
0.443019 13.192 55 4000 600.000000
0.443019 13.430 56 4000 600.000000
0.443019 13.668 57 4000 600.000000
0.443019 13.906 58 4000 600.000000
0.443019 14.144 59 4000 600.000000
0.443019 14.383 60 4000 600.000000
0.443019 14.621 61 4000 600.000000
0.443019 14.871 62 4000 600.000000
0.443019 15.110 63 4000 600.000000
0.443019 15.348 64 4000 600.000000
0.443019 15.586 65 4000 600.000000
0.443019 15.827 66 4000 600.000000
0.443019 16.066 67 4000 600.000000
0.443019 16.304 68 4000 600.000000
0.443019 16.547 69 4000 600.000000
0.443019 16.785 70 4000 600.000000
0.443019 17.025 71 4000 600.000000
0.443019 17.263 72 4000 600.000000
0.443019 17.501 73 4000 600.000000
0.443019 17.739 74 4000 600.000000
0.443019 17.977 75 4000 600.000000
0.443019 18.215 76 4000 600.000000
0.443019 18.456 77 4000 600.000000
0.443019 18.695 78 4000 600.000000
0.443019 18.934 79 4000 600.000000
0.443019 19.176 80 4000 600.000000
0.443019 19.414 81 4000 600.000000
0.443019 19.652 82 4000 600.000000
0.443019 19.890 83 4000 600.000000
0.443019 20.129 84 4000 600.000000
0.443019 20.367 85 4000 600.000000
0.443019 20.607 86 4000 600.000000
0.443019 20.848 87 4000 600.000000
0.443019 21.088 88 4000 600.000000
0.443019 21.327 89 4000 600.000000
0.443019 21.564 90 4000 600.000000
0.443019 21.802 91 4000 600.000000
0.443019 22.040 92 4000 600.000000
0.443019 22.278 93 4000 600.000000
0.443019 22.516 94 4000 600.000000
0.443019 22.754 95 4000 600.000000
0.443019 22.992 96 4000 600.000000
0.443019 23.231 97 4000 600.000000
0.443019 23.468 98 4000 600.000000
0.443019 23.708 99 4000 600.000000
0.443019 23.945 100 4000 600.000000
