0.000000 1.969 1 8000 400.000000
0.000000 3.921 2 8000 400.000000
0.000000 5.878 3 8000 400.000000
0.000000 7.850 4 8000 400.000000
0.000000 9.807 5 8000 400.000000
0.000000 11.754 6 8000 400.000000
0.000000 13.700 7 8000 400.000000
0.000000 15.657 8 8000 400.000000
0.000000 17.612 9 8000 400.000000
0.000000 19.608 10 8000 400.000000
0.000000 21.561 11 8000 400.000000
0.000000 23.517 12 8000 400.000000
0.000000 25.462 13 8000 400.000000
0.000000 27.510 14 8000 400.000000
0.000000 29.494 15 8000 400.000000
0.000000 31.453 16 8000 400.000000
0.000000 33.403 17 8000 400.000000
0.000000 35.353 18 8000 400.000000
0.000000 37.299 19 8000 400.000000
0.000000 39.255 20 8000 400.000000
0.000000 41.219 21 8000 400.000000
0.000000 43.181 22 8000 400.000000
0.000000 45.125 23 8000 400.000000
0.000000 47.072 24 8000 400.000000
0.000000 49.020 25 8000 400.000000
0.000000 50.966 26 8000 400.000000
0.000000 52.912 27 8000 400.000000
0.000000 54.861 28 8000 400.000000
0.000000 56.816 29 8000 400.000000
0.000000 58.762 30 8000 400.000000
0.000000 60.709 31 8000 400.000000
0.000000 62.658 32 8000 400.000000
0.000000 64.618 33 8000 400.000000
0.000000 66.568 34 8000 400.000000
0.000000 68.513 35 8000 400.000000
0.000000 70.467 36 8000 400.000000
0.000000 72.426 37 8000 400.000000
0.000000 74.390 38 8000 400.000000
0.000000 76.354 39 8000 400.000000
0.000000 78.327 40 8000 400.000000
0.000000 80.292 41 8000 400.000000
0.000000 82.247 42 8000 400.000000
0.000000 84.267 43 8000 400.000000
0.000000 86.226 44 8000 400.000000
0.000000 88.176 45 8000 400.000000
0.000000 90.135 46 8000 400.000000
0.000000 92.085 47 8000 400.000000
0.000000 94.057 48 8000 400.000000
0.000000 96.027 49 8000 400.000000
0.000000 98.000 50 8000 400.000000
0.000000 99.976 51 8000 400.000000
0.000000 101.925 52 8000 400.000000
0.000000 103.876 53 8000 400.000000
0.000000 105.835 54 8000 400.000000
0.000000 107.799 55 8000 400.000000
0.000000 109.756 56 8000 400.000000
0.000000 111.712 57 8000 400.000000
0.000000 113.659 58 8000 400.000000
0.000000 115.615 59 8000 400.000000
0.000000 117.580 60 8000 400.000000
0.000000 119.541 61 8000 400.000000
0.000000 121.496 62 8000 400.000000
0.000000 123.457 63 8000 400.000000
0.000000 125.422 64 8000 400.000000
0.000000 127.371 65 8000 400.000000
0.000000 129.316 66 8000 400.000000
0.000000 131.307 67 8000 400.000000
0.000000 133.262 68 8000 400.000000
0.000000 135.213 69 8000 400.000000
0.000000 137.172 70 8000 400.000000
0.000000 139.147 71 8000 400.000000
0.000000 141.109 72 8000 400.000000
0.000000 143.067 73 8000 400.000000
0.000000 145.030 74 8000 400.000000
0.000000 146.981 75 8000 400.000000
0.000000 148.931 76 8000 400.000000
0.000000 150.893 77 8000 400.000000
0.000000 152.861 78 8000 400.000000
0.000000 154.836 79 8000 400.000000
0.000000 156.796 80 8000 400.000000
0.000000 158.743 81 8000 400.000000
0.000000 160.688 82 8000 400.000000
0.000000 162.634 83 8000 400.000000
0.000000 164.596 84 8000 400.000000
0.000000 166.554 85 8000 400.000000
0.000000 168.498 86 8000 400.000000
0.000000 170.459 87 8000 400.000000
0.000000 172.418 88 8000 400.000000
0.000000 174.367 89 8000 400.000000
0.000000 176.330 90 8000 400.000000
0.000000 178.278 91 8000 400.000000
0.000000 180.224 92 8000 400.000000
0.000000 182.171 93 8000 400.000000
0.000000 184.122 94 8000 400.000000
0.000000 186.067 95 8000 400.000000
0.000000 188.022 96 8000 400.000000
0.000000 189.982 97 8000 400.000000
0.000000 191.931 98 8000 400.000000
0.000000 193.877 99 8000 400.000000
0.000000 195.830 100 8000 400.000000
