0.516598 1.950 1 8000 300.000000
0.400482 3.897 2 8000 400.000000
0.000000 5.863 3 8000 500.000000
0.000000 7.822 4 8000 500.000000
0.000000 9.772 5 8000 500.000000
0.000000 11.734 6 8000 500.000000
0.000000 13.682 7 8000 500.000000
0.000000 15.627 8 8000 500.000000
0.000000 17.576 9 8000 500.000000
0.000000 19.522 10 8000 500.000000
0.000000 21.475 11 8000 500.000000
0.000000 23.436 12 8000 500.000000
0.000000 25.397 13 8000 500.000000
0.000000 27.342 14 8000 500.000000
0.000000 29.305 15 8000 500.000000
0.000000 31.317 16 8000 500.000000
0.000000 33.339 17 8000 500.000000
0.000000 35.346 18 8000 500.000000
0.000000 37.341 19 8000 500.000000
0.000000 39.330 20 8000 500.000000
0.000000 41.314 21 8000 500.000000
0.000000 43.321 22 8000 500.000000
0.000000 45.297 23 8000 500.000000
0.000000 47.248 24 8000 500.000000
0.000000 49.197 25 8000 500.000000
0.000000 51.148 26 8000 500.000000
0.000000 53.098 27 8000 500.000000
0.000000 55.076 28 8000 500.000000
0.000000 57.042 29 8000 500.000000
0.000000 58.999 30 8000 500.000000
0.000000 60.952 31 8000 500.000000
0.000000 62.897 32 8000 500.000000
0.000000 64.851 33 8000 500.000000
0.000000 66.809 34 8000 500.000000
0.000000 68.756 35 8000 500.000000
0.000000 70.702 36 8000 500.000000
0.000000 72.647 37 8000 500.000000
0.000000 74.604 38 8000 500.000000
0.000000 76.550 39 8000 500.000000
0.000000 78.570 40 8000 500.000000
0.000000 80.522 41 8000 500.000000
0.000000 82.471 42 8000 500.000000
0.000000 84.416 43 8000 500.000000
0.000000 86.364 44 8000 500.000000
0.000000 88.310 45 8000 500.000000
0.000000 90.266 46 8000 500.000000
0.000000 92.222 47 8000 500.000000
0.000000 94.171 48 8000 500.000000
0.000000 96.116 49 8000 500.000000
0.000000 98.225 50 8000 500.000000
0.000000 100.181 51 8000 500.000000
0.000000 102.129 52 8000 500.000000
0.000000 104.093 53 8000 500.000000
0.000000 106.046 54 8000 500.000000
0.000000 108.006 55 8000 500.000000
0.000000 110.050 56 8000 500.000000
0.000000 112.014 57 8000 500.000000
0.000000 113.969 58 8000 500.000000
0.000000 115.915 59 8000 500.000000
0.000000 117.864 60 8000 500.000000
0.000000 119.810 61 8000 500.000000
0.000000 121.756 62 8000 500.000000
0.000000 123.702 63 8000 500.000000
0.000000 125.666 64 8000 500.000000
0.000000 127.612 65 8000 500.000000
0.000000 129.560 66 8000 500.000000
0.000000 131.505 67 8000 500.000000
0.000000 133.464 68 8000 500.000000
0.000000 135.416 69 8000 500.000000
0.000000 137.370 70 8000 500.000000
0.000000 139.317 71 8000 500.000000
0.000000 141.277 72 8000 500.000000
0.000000 143.223 73 8000 500.000000
0.000000 145.187 74 8000 500.000000
0.000000 147.142 75 8000 500.000000
0.000000 149.090 76 8000 500.000000
0.000000 151.036 77 8000 500.000000
0.000000 152.984 78 8000 500.000000
0.000000 154.929 79 8000 500.000000
0.000000 156.875 80 8000 500.000000
0.000000 158.837 81 8000 500.000000
0.000000 160.783 82 8000 500.000000
0.000000 162.732 83 8000 500.000000
0.000000 164.707 84 8000 500.000000
0.000000 166.670 85 8000 500.000000
0.000000 168.624 86 8000 500.000000
0.000000 170.579 87 8000 500.000000
0.000000 172.586 88 8000 500.000000
0.000000 174.546 89 8000 500.000000
0.000000 176.525 90 8000 500.000000
0.000000 178.491 91 8000 500.000000
0.000000 180.449 92 8000 500.000000
0.000000 182.399 93 8000 500.000000
0.000000 184.368 94 8000 500.000000
0.000000 186.337 95 8000 500.000000
0.000000 188.386 96 8000 500.000000
0.000000 190.362 97 8000 500.000000
0.000000 192.321 98 8000 500.000000
0.000000 194.270 99 8000 500.000000
0.000000 196.231 100 8000 500.000000
