0.000000 1.966 1 8000 200.000000
0.000000 3.916 2 8000 200.000000
0.000000 5.863 3 8000 200.000000
0.000000 7.811 4 8000 200.000000
0.000000 9.775 5 8000 200.000000
0.000000 11.729 6 8000 200.000000
0.000000 13.675 7 8000 200.000000
0.000000 15.623 8 8000 200.000000
0.000000 17.583 9 8000 200.000000
0.000000 19.535 10 8000 200.000000
0.000000 21.480 11 8000 200.000000
0.000000 23.429 12 8000 200.000000
0.000000 25.375 13 8000 200.000000
0.000000 27.324 14 8000 200.000000
0.000000 29.271 15 8000 200.000000
0.000000 31.223 16 8000 200.000000
0.000000 33.183 17 8000 200.000000
0.000000 35.145 18 8000 200.000000
0.000000 37.106 19 8000 200.000000
0.000000 39.094 20 8000 200.000000
0.000000 41.041 21 8000 200.000000
0.000000 43.002 22 8000 200.000000
0.000000 44.957 23 8000 200.000000
0.000000 46.906 24 8000 200.000000
0.000000 48.851 25 8000 200.000000
0.000000 50.812 26 8000 200.000000
0.000000 52.759 27 8000 200.000000
0.000000 54.708 28 8000 200.000000
0.000000 56.656 29 8000 200.000000
0.000000 58.602 30 8000 200.000000
0.000000 60.549 31 8000 200.000000
0.000000 62.495 32 8000 200.000000
0.000000 64.443 33 8000 200.000000
0.000000 66.402 34 8000 200.000000
0.000000 68.365 35 8000 200.000000
0.000000 70.312 36 8000 200.000000
0.000000 72.260 37 8000 200.000000
0.000000 74.206 38 8000 200.000000
0.000000 76.165 39 8000 200.000000
0.000000 78.121 40 8000 200.000000
0.000000 80.068 41 8000 200.000000
0.000000 82.015 42 8000 200.000000
0.000000 83.976 43 8000 200.000000
0.000000 85.922 44 8000 200.000000
0.000000 87.869 45 8000 200.000000
0.000000 89.816 46 8000 200.000000
0.000000 91.763 47 8000 200.000000
0.000000 93.710 48 8000 200.000000
0.000000 95.658 49 8000 200.000000
0.000000 97.627 50 8000 200.000000
0.000000 99.586 51 8000 200.000000
0.000000 101.604 52 8000 200.000000
0.000000 103.553 53 8000 200.000000
0.000000 105.499 54 8000 200.000000
0.000000 107.446 55 8000 200.000000
0.000000 109.407 56 8000 200.000000
0.000000 111.362 57 8000 200.000000
0.000000 113.307 58 8000 200.000000
0.000000 115.254 59 8000 200.000000
0.000000 117.216 60 8000 200.000000
0.000000 119.165 61 8000 200.000000
0.000000 121.111 62 8000 200.000000
0.000000 123.057 63 8000 200.000000
0.000000 125.005 64 8000 200.000000
0.000000 126.950 65 8000 200.000000
0.000000 128.898 66 8000 200.000000
0.000000 130.846 67 8000 200.000000
0.000000 132.806 68 8000 200.000000
0.000000 134.766 69 8000 200.000000
0.000000 136.716 70 8000 200.000000
0.000000 138.661 71 8000 200.000000
0.000000 140.608 72 8000 200.000000
0.000000 142.557 73 8000 200.000000
0.000000 144.511 74 8000 200.000000
0.000000 146.456 75 8000 200.000000
0.000000 148.404 76 8000 200.000000
0.000000 150.367 77 8000 200.000000
0.000000 152.317 78 8000 200.000000
0.000000 154.262 79 8000 200.000000
0.000000 156.239 80 8000 200.000000
0.000000 158.184 81 8000 200.000000
0.000000 160.134 82 8000 200.000000
0.000000 162.081 83 8000 200.000000
0.000000 164.029 84 8000 200.000000
0.000000 165.990 85 8000 200.000000
0.000000 167.952 86 8000 200.000000
0.000000 169.902 87 8000 200.000000
0.000000 171.850 88 8000 200.000000
0.000000 173.794 89 8000 200.000000
0.000000 175.742 90 8000 200.000000
0.000000 177.700 91 8000 200.000000
0.000000 179.647 92 8000 200.000000
0.000000 181.592 93 8000 200.000000
0.000000 183.557 94 8000 200.000000
0.000000 185.512 95 8000 200.000000
0.000000 187.459 96 8000 200.000000
0.000000 189.405 97 8000 200.000000
0.000000 191.353 98 8000 200.000000
0.000000 193.300 99 8000 200.000000
0.000000 195.245 100 8000 200.000000
