0.534766 1.952 1 8000 300.000000
0.508699 3.913 2 8000 500.000000
0.505144 5.874 3 8000 600.000000
0.505144 7.827 4 8000 600.000000
0.505144 9.784 5 8000 600.000000
0.505144 11.740 6 8000 600.000000
0.492901 13.709 7 8000 700.000000
0.000000 15.684 8 8000 800.000000
0.000000 17.637 9 8000 800.000000
0.000000 19.584 10 8000 800.000000
0.000000 21.551 11 8000 800.000000
0.000000 23.502 12 8000 800.000000
0.000000 25.461 13 8000 800.000000
0.000000 27.447 14 8000 800.000000
0.000000 29.420 15 8000 800.000000
0.000000 31.369 16 8000 800.000000
0.000000 33.392 17 8000 800.000000
0.000000 35.336 18 8000 800.000000
0.000000 37.297 19 8000 800.000000
0.000000 39.253 20 8000 800.000000
0.000000 41.208 21 8000 800.000000
0.000000 43.153 22 8000 800.000000
0.000000 45.100 23 8000 800.000000
0.000000 47.048 24 8000 800.000000
0.000000 48.995 25 8000 800.000000
0.000000 50.949 26 8000 800.000000
0.000000 52.896 27 8000 800.000000
0.000000 54.856 28 8000 800.000000
0.000000 56.805 29 8000 800.000000
0.000000 58.753 30 8000 800.000000
0.000000 60.698 31 8000 800.000000
0.000000 62.662 32 8000 800.000000
0.000000 64.615 33 8000 800.000000
0.000000 66.563 34 8000 800.000000
0.000000 68.509 35 8000 800.000000
0.000000 70.480 36 8000 800.000000
0.000000 72.435 37 8000 800.000000
0.000000 74.383 38 8000 800.000000
0.000000 76.329 39 8000 800.000000
0.000000 78.277 40 8000 800.000000
0.000000 80.223 41 8000 800.000000
0.000000 82.178 42 8000 800.000000
0.000000 84.125 43 8000 800.000000
0.000000 86.073 44 8000 800.000000
0.000000 88.051 45 8000 800.000000
0.000000 89.999 46 8000 800.000000
0.000000 91.944 47 8000 800.000000
0.000000 93.897 48 8000 800.000000
0.000000 95.861 49 8000 800.000000
0.000000 97.816 50 8000 800.000000
0.000000 99.761 51 8000 800.000000
0.000000 101.708 52 8000 800.000000
0.000000 103.667 53 8000 800.000000
0.000000 105.622 54 8000 800.000000
0.000000 107.567 55 8000 800.000000
0.000000 109.515 56 8000 800.000000
0.000000 111.462 57 8000 800.000000
0.000000 113.409 58 8000 800.000000
0.000000 115.355 59 8000 800.000000
0.000000 117.304 60 8000 800.000000
0.000000 119.249 61 8000 800.000000
0.000000 121.211 62 8000 800.000000
0.000000 123.156 63 8000 800.000000
0.000000 125.101 64 8000 800.000000
0.000000 127.048 65 8000 800.000000
0.000000 129.010 66 8000 800.000000
0.000000 130.969 67 8000 800.000000
0.000000 132.914 68 8000 800.000000
0.000000 134.860 69 8000 800.000000
0.000000 136.821 70 8000 800.000000
0.000000 138.778 71 8000 800.000000
0.000000 140.724 72 8000 800.000000
0.000000 142.672 73 8000 800.000000
0.000000 144.617 74 8000 800.000000
0.000000 146.564 75 8000 800.000000
0.000000 148.540 76 8000 800.000000
0.000000 150.489 77 8000 800.000000
0.000000 152.434 78 8000 800.000000
0.000000 154.442 79 8000 800.000000
0.000000 156.387 80 8000 800.000000
0.000000 158.334 81 8000 800.000000
0.000000 160.279 82 8000 800.000000
0.000000 162.239 83 8000 800.000000
0.000000 164.195 84 8000 800.000000
0.000000 166.141 85 8000 800.000000
0.000000 168.086 86 8000 800.000000
0.000000 170.047 87 8000 800.000000
0.000000 172.006 88 8000 800.000000
0.000000 173.953 89 8000 800.000000
0.000000 175.903 90 8000 800.000000
0.000000 177.850 91 8000 800.000000
0.000000 179.796 92 8000 800.000000
0.000000 181.743 93 8000 800.000000
0.000000 183.691 94 8000 800.000000
0.000000 185.653 95 8000 800.000000
0.000000 187.612 96 8000 800.000000
0.000000 189.560 97 8000 800.000000
0.000000 191.506 98 8000 800.000000
0.000000 193.452 99 8000 800.000000
0.000000 195.411 100 8000 800.000000
