1.156538 0.240 1 4000 100.000000
0.849661 0.480 2 4000 200.000000
0.849661 0.719 3 4000 200.000000
0.385364 0.957 4 4000 300.000000
0.385364 1.195 5 4000 300.000000
0.385364 1.433 6 4000 300.000000
0.385364 1.672 7 4000 300.000000
0.385364 1.910 8 4000 300.000000
0.385364 2.149 9 4000 300.000000
0.385364 2.387 10 4000 300.000000
0.385364 2.628 11 4000 300.000000
0.385364 2.866 12 4000 300.000000
0.385364 3.105 13 4000 300.000000
0.385364 3.345 14 4000 300.000000
0.385364 3.583 15 4000 300.000000
0.385364 3.822 16 4000 300.000000
0.385364 4.060 17 4000 300.000000
0.385364 4.328 18 4000 300.000000
0.385364 4.603 19 4000 300.000000
0.385364 4.845 20 4000 300.000000
0.385364 5.083 21 4000 300.000000
0.385364 5.321 22 4000 300.000000
0.385364 5.559 23 4000 300.000000
0.385364 5.797 24 4000 300.000000
0.385364 6.039 25 4000 300.000000
0.385364 6.277 26 4000 300.000000
0.385364 6.515 27 4000 300.000000
0.385364 6.756 28 4000 300.000000
0.385364 6.994 29 4000 300.000000
0.385364 7.233 30 4000 300.000000
0.385364 7.473 31 4000 300.000000
0.385364 7.711 32 4000 300.000000
0.385364 7.951 33 4000 300.000000
0.385364 8.189 34 4000 300.000000
0.385364 8.430 35 4000 300.000000
0.385364 8.668 36 4000 300.000000
0.385364 8.914 37 4000 300.000000
0.385364 9.153 38 4000 300.000000
0.385364 9.393 39 4000 300.000000
0.385364 9.631 40 4000 300.000000
0.385364 9.869 41 4000 300.000000
0.385364 10.108 42 4000 300.000000
0.385364 10.347 43 4000 300.000000
0.385364 10.585 44 4000 300.000000
0.385364 10.823 45 4000 300.000000
0.385364 11.062 46 4000 300.000000
0.377783 11.300 47 4000 400.000000
0.377783 11.539 48 4000 400.000000
0.377783 11.777 49 4000 400.000000
0.377783 12.018 50 4000 400.000000
0.377783 12.256 51 4000 400.000000
0.377783 12.497 52 4000 400.000000
0.377783 12.740 53 4000 400.000000
0.377783 12.988 54 4000 400.000000
0.377783 13.226 55 4000 400.000000
0.377783 13.464 56 4000 400.000000
0.377783 13.702 57 4000 400.000000
0.377783 13.940 58 4000 400.000000
0.377783 14.181 59 4000 400.000000
0.377783 14.420 60 4000 400.000000
0.377783 14.658 61 4000 400.000000
0.377783 14.896 62 4000 400.000000
0.377783 15.134 63 4000 400.000000
0.377783 15.375 64 4000 400.000000
0.377783 15.613 65 4000 400.000000
0.377783 15.853 66 4000 400.000000
0.377783 16.091 67 4000 400.000000
0.377783 16.329 68 4000 400.000000
0.377783 16.569 69 4000 400.000000
0.377783 16.812 70 4000 400.000000
0.377783 17.059 71 4000 400.000000
0.377783 17.299 72 4000 400.000000
0.377783 17.538 73 4000 400.000000
0.377783 17.776 74 4000 400.000000
0.377783 18.013 75 4000 400.000000
0.377783 18.251 76 4000 400.000000
0.377783 18.489 77 4000 400.000000
0.377783 18.728 78 4000 400.000000
0.377783 18.966 79 4000 400.000000
0.377783 19.203 80 4000 400.000000
0.377783 19.443 81 4000 400.000000
0.377783 19.681 82 4000 400.000000
0.377783 19.919 83 4000 400.000000
0.377783 20.156 84 4000 400.000000
0.377783 20.394 85 4000 400.000000
0.377783 20.635 86 4000 400.000000
0.377783 20.886 87 4000 400.000000
0.377783 21.124 88 4000 400.000000
0.377783 21.365 89 4000 400.000000
0.377783 21.603 90 4000 400.000000
0.377783 21.841 91 4000 400.000000
0.377783 22.082 92 4000 400.000000
0.377783 22.320 93 4000 400.000000
0.377783 22.558 94 4000 400.000000
0.377783 22.796 95 4000 400.000000
0.377783 23.034 96 4000 400.000000
0.377783 23.272 97 4000 400.000000
0.377783 23.513 98 4000 400.000000
0.377783 23.751 99 4000 400.000000
0.377783 23.989 100 4000 400.000000
