1.180301 0.239 1 4000 100.000000
0.997844 0.477 2 4000 200.000000
0.997844 0.716 3 4000 200.000000
0.997844 0.957 4 4000 200.000000
0.914642 1.196 5 4000 300.000000
0.903684 1.435 6 4000 400.000000
0.903684 1.676 7 4000 400.000000
0.697019 1.921 8 4000 500.000000
0.697019 2.159 9 4000 500.000000
0.697019 2.397 10 4000 500.000000
0.697019 2.639 11 4000 500.000000
0.697019 2.876 12 4000 500.000000
0.697019 3.115 13 4000 500.000000
0.676569 3.353 14 4000 600.000000
0.584130 3.591 15 4000 700.000000
0.584130 3.834 16 4000 700.000000
0.584130 4.072 17 4000 700.000000
0.584130 4.313 18 4000 700.000000
0.584130 4.551 19 4000 700.000000
0.584130 4.789 20 4000 700.000000
0.584130 5.028 21 4000 700.000000
0.584130 5.287 22 4000 700.000000
0.584130 5.525 23 4000 700.000000
0.584130 5.771 24 4000 700.000000
0.584130 6.009 25 4000 700.000000
0.584130 6.248 26 4000 700.000000
0.584130 6.486 27 4000 700.000000
0.584130 6.724 28 4000 700.000000
0.584130 6.964 29 4000 700.000000
0.584130 7.202 30 4000 700.000000
0.584130 7.440 31 4000 700.000000
0.584130 7.678 32 4000 700.000000
0.584130 7.917 33 4000 700.000000
0.584130 8.155 34 4000 700.000000
0.584130 8.395 35 4000 700.000000
0.584130 8.633 36 4000 700.000000
0.584130 8.871 37 4000 700.000000
0.584130 9.114 38 4000 700.000000
0.584130 9.371 39 4000 700.000000
0.584130 9.609 40 4000 700.000000
0.415816 9.850 41 4000 800.000000
0.415816 10.088 42 4000 800.000000
0.415816 10.329 43 4000 800.000000
0.415816 10.567 44 4000 800.000000
0.415816 10.806 45 4000 800.000000
0.415816 11.046 46 4000 800.000000
0.415816 11.283 47 4000 800.000000
0.415816 11.521 48 4000 800.000000
0.415816 11.759 49 4000 800.000000
0.074282 12.001 50 4000 900.000000
0.074282 12.238 51 4000 900.000000
0.074282 12.476 52 4000 900.000000
0.074282 12.714 53 4000 900.000000
0.074282 12.952 54 4000 900.000000
0.074282 13.190 55 4000 900.000000
0.074282 13.428 56 4000 900.000000
0.074282 13.669 57 4000 900.000000
0.074282 13.909 58 4000 900.000000
0.074282 14.147 59 4000 900.000000
0.074282 14.385 60 4000 900.000000
0.074282 14.623 61 4000 900.000000
0.074282 14.861 62 4000 900.000000
0.074282 15.103 63 4000 900.000000
0.074282 15.341 64 4000 900.000000
0.074282 15.580 65 4000 900.000000
0.074282 15.818 66 4000 900.000000
0.074282 16.056 67 4000 900.000000
0.074282 16.294 68 4000 900.000000
0.074282 16.538 69 4000 900.000000
0.074282 16.776 70 4000 900.000000
0.074282 17.014 71 4000 900.000000
0.074282 17.254 72 4000 900.000000
0.074282 17.492 73 4000 900.000000
0.074282 17.732 74 4000 900.000000
0.074282 17.971 75 4000 900.000000
0.074282 18.209 76 4000 900.000000
0.074282 18.446 77 4000 900.000000
0.074282 18.685 78 4000 900.000000
0.074282 18.924 79 4000 900.000000
0.074282 19.162 80 4000 900.000000
0.074282 19.405 81 4000 900.000000
0.074282 19.646 82 4000 900.000000
0.074282 19.884 83 4000 900.000000
0.074282 20.122 84 4000 900.000000
0.074282 20.363 85 4000 900.000000
0.074282 20.601 86 4000 900.000000
0.074282 20.839 87 4000 900.000000
0.074282 21.077 88 4000 900.000000
0.074282 21.318 89 4000 900.000000
0.074282 21.556 90 4000 900.000000
0.074282 21.797 91 4000 900.000000
0.074282 22.035 92 4000 900.000000
0.074282 22.273 93 4000 900.000000
0.074282 22.511 94 4000 900.000000
0.074282 22.749 95 4000 900.000000
0.074282 22.990 96 4000 900.000000
0.074282 23.228 97 4000 900.000000
0.074282 23.466 98 4000 900.000000
0.074282 23.704 99 4000 900.000000
0.074282 23.942 100 4000 900.000000
