0.865269 0.242 1 4000 200.000000
0.865269 0.480 2 4000 200.000000
0.865269 0.720 3 4000 200.000000
0.784425 0.959 4 4000 400.000000
0.784425 1.204 5 4000 400.000000
0.784425 1.449 6 4000 400.000000
0.784425 1.687 7 4000 400.000000
0.784425 1.926 8 4000 400.000000
0.784425 2.164 9 4000 400.000000
0.742187 2.402 10 4000 500.000000
0.742187 2.640 11 4000 500.000000
0.742187 2.878 12 4000 500.000000
0.742187 3.119 13 4000 500.000000
0.742187 3.357 14 4000 500.000000
0.529979 3.596 15 4000 600.000000
0.529979 3.834 16 4000 600.000000
0.529979 4.078 17 4000 600.000000
0.529979 4.317 18 4000 600.000000
0.529979 4.554 19 4000 600.000000
0.529979 4.795 20 4000 600.000000
0.529979 5.034 21 4000 600.000000
0.529979 5.272 22 4000 600.000000
0.529979 5.513 23 4000 600.000000
0.529979 5.752 24 4000 600.000000
0.529979 5.991 25 4000 600.000000
0.529979 6.229 26 4000 600.000000
0.529979 6.467 27 4000 600.000000
0.119833 6.705 28 4000 700.000000
0.119833 6.943 29 4000 700.000000
0.119833 7.181 30 4000 700.000000
0.119833 7.419 31 4000 700.000000
0.119833 7.657 32 4000 700.000000
0.119833 7.897 33 4000 700.000000
0.119833 8.138 34 4000 700.000000
0.119833 8.379 35 4000 700.000000
0.119833 8.617 36 4000 700.000000
0.119833 8.856 37 4000 700.000000
0.119833 9.094 38 4000 700.000000
0.119833 9.382 39 4000 700.000000
0.119833 9.622 40 4000 700.000000
0.119833 9.860 41 4000 700.000000
0.119833 10.101 42 4000 700.000000
0.119833 10.342 43 4000 700.000000
0.119833 10.580 44 4000 700.000000
0.119833 10.818 45 4000 700.000000
0.119833 11.060 46 4000 700.000000
0.119833 11.298 47 4000 700.000000
0.119833 11.536 48 4000 700.000000
0.119833 11.774 49 4000 700.000000
0.119833 12.012 50 4000 700.000000
0.119833 12.250 51 4000 700.000000
0.119833 12.490 52 4000 700.000000
0.119833 12.730 53 4000 700.000000
0.119833 12.968 54 4000 700.000000
0.119833 13.206 55 4000 700.000000
0.119833 13.446 56 4000 700.000000
0.119833 13.686 57 4000 700.000000
0.119833 13.924 58 4000 700.000000
0.119833 14.164 59 4000 700.000000
0.119833 14.402 60 4000 700.000000
0.119833 14.640 61 4000 700.000000
0.119833 14.881 62 4000 700.000000
0.119833 15.119 63 4000 700.000000
0.119833 15.357 64 4000 700.000000
0.119833 15.595 65 4000 700.000000
0.119833 15.833 66 4000 700.000000
0.119833 16.071 67 4000 700.000000
0.119833 16.310 68 4000 700.000000
0.119833 16.548 69 4000 700.000000
0.119833 16.786 70 4000 700.000000
0.119833 17.024 71 4000 700.000000
0.119833 17.261 72 4000 700.000000
0.119833 17.503 73 4000 700.000000
0.119833 17.743 74 4000 700.000000
0.119833 17.981 75 4000 700.000000
0.119833 18.220 76 4000 700.000000
0.119833 18.457 77 4000 700.000000
0.119833 18.696 78 4000 700.000000
0.119833 18.934 79 4000 700.000000
0.119833 19.172 80 4000 700.000000
0.119833 19.413 81 4000 700.000000
0.119833 19.651 82 4000 700.000000
0.119833 19.889 83 4000 700.000000
0.119833 20.128 84 4000 700.000000
0.119833 20.366 85 4000 700.000000
0.119833 20.604 86 4000 700.000000
0.119833 20.845 87 4000 700.000000
0.119833 21.083 88 4000 700.000000
0.119833 21.321 89 4000 700.000000
0.119833 21.561 90 4000 700.000000
0.119833 21.800 91 4000 700.000000
0.119833 22.039 92 4000 700.000000
0.119833 22.276 93 4000 700.000000
0.119833 22.514 94 4000 700.000000
0.119833 22.755 95 4000 700.000000
0.119833 22.992 96 4000 700.000000
0.119833 23.230 97 4000 700.000000
0.119833 23.470 98 4000 700.000000
0.119833 23.708 99 4000 700.000000
0.119833 23.947 100 4000 700.000000
