0.796083 0.239 1 4000 200.000000
0.796083 0.477 2 4000 200.000000
0.796083 0.721 3 4000 200.000000
0.789649 0.963 4 4000 300.000000
0.633821 1.203 5 4000 400.000000
0.633821 1.442 6 4000 400.000000
0.633821 1.682 7 4000 400.000000
0.633821 1.921 8 4000 400.000000
0.633821 2.160 9 4000 400.000000
0.633821 2.403 10 4000 400.000000
0.633821 2.644 11 4000 400.000000
0.633821 2.883 12 4000 400.000000
0.633821 3.121 13 4000 400.000000
0.633821 3.359 14 4000 400.000000
0.633821 3.597 15 4000 400.000000
0.633821 3.835 16 4000 400.000000
0.633821 4.077 17 4000 400.000000
0.633821 4.318 18 4000 400.000000
0.633821 4.556 19 4000 400.000000
0.452193 4.794 20 4000 500.000000
0.347331 5.032 21 4000 600.000000
0.347331 5.272 22 4000 600.000000
0.347331 5.510 23 4000 600.000000
0.347331 5.750 24 4000 600.000000
0.347331 5.988 25 4000 600.000000
0.347331 6.229 26 4000 600.000000
0.347331 6.467 27 4000 600.000000
0.347331 6.705 28 4000 600.000000
0.347331 6.943 29 4000 600.000000
0.347331 7.182 30 4000 600.000000
0.347331 7.420 31 4000 600.000000
0.347331 7.658 32 4000 600.000000
0.347331 7.897 33 4000 600.000000
0.347331 8.138 34 4000 600.000000
0.347331 8.376 35 4000 600.000000
0.347331 8.615 36 4000 600.000000
0.347331 8.852 37 4000 600.000000
0.347331 9.091 38 4000 600.000000
0.347331 9.331 39 4000 600.000000
0.347331 9.570 40 4000 600.000000
0.347331 9.809 41 4000 600.000000
0.347331 10.047 42 4000 600.000000
0.347331 10.287 43 4000 600.000000
0.347331 10.525 44 4000 600.000000
0.347331 10.763 45 4000 600.000000
0.347331 11.005 46 4000 600.000000
0.347331 11.243 47 4000 600.000000
0.347331 11.481 48 4000 600.000000
0.347331 11.719 49 4000 600.000000
0.347331 11.957 50 4000 600.000000
0.347331 12.195 51 4000 600.000000
0.347331 12.433 52 4000 600.000000
0.347331 12.671 53 4000 600.000000
0.347331 12.911 54 4000 600.000000
0.347331 13.151 55 4000 600.000000
0.347331 13.392 56 4000 600.000000
0.347331 13.633 57 4000 600.000000
0.347331 13.871 58 4000 600.000000
0.347331 14.109 59 4000 600.000000
0.347331 14.347 60 4000 600.000000
0.347331 14.585 61 4000 600.000000
0.347331 14.823 62 4000 600.000000
0.347331 15.062 63 4000 600.000000
0.347331 15.325 64 4000 600.000000
0.347331 15.567 65 4000 600.000000
0.347331 15.804 66 4000 600.000000
0.347331 16.042 67 4000 600.000000
0.347331 16.280 68 4000 600.000000
0.347331 16.518 69 4000 600.000000
0.347331 16.757 70 4000 600.000000
0.347331 16.995 71 4000 600.000000
0.347331 17.235 72 4000 600.000000
0.347331 17.474 73 4000 600.000000
0.347331 17.712 74 4000 600.000000
0.347331 17.950 75 4000 600.000000
0.347331 18.188 76 4000 600.000000
0.347331 18.426 77 4000 600.000000
0.347331 18.664 78 4000 600.000000
0.347331 18.904 79 4000 600.000000
0.347331 19.162 80 4000 600.000000
0.347331 19.406 81 4000 600.000000
0.347331 19.646 82 4000 600.000000
0.347331 19.884 83 4000 600.000000
0.347331 20.122 84 4000 600.000000
0.347331 20.363 85 4000 600.000000
0.347331 20.601 86 4000 600.000000
0.347331 20.839 87 4000 600.000000
0.347331 21.077 88 4000 600.000000
0.347331 21.317 89 4000 600.000000
0.347331 21.555 90 4000 600.000000
0.347331 21.799 91 4000 600.000000
0.347331 22.040 92 4000 600.000000
0.347331 22.278 93 4000 600.000000
0.347331 22.517 94 4000 600.000000
0.347331 22.758 95 4000 600.000000
0.347331 22.999 96 4000 600.000000
0.347331 23.237 97 4000 600.000000
0.347331 23.475 98 4000 600.000000
0.347331 23.717 99 4000 600.000000
0.347331 23.959 100 4000 600.000000
