0.539110 1.960 1 8000 100.000000
0.525287 3.922 2 8000 200.000000
0.523707 5.876 3 8000 300.000000
0.511463 7.835 4 8000 600.000000
0.511463 9.798 5 8000 600.000000
0.511463 11.757 6 8000 600.000000
0.511069 13.734 7 8000 700.000000
0.000000 15.717 8 8000 800.000000
0.000000 17.705 9 8000 800.000000
0.000000 19.780 10 8000 800.000000
0.000000 21.764 11 8000 800.000000
0.000000 23.769 12 8000 800.000000
0.000000 25.744 13 8000 800.000000
0.000000 27.717 14 8000 800.000000
0.000000 29.689 15 8000 800.000000
0.000000 31.665 16 8000 800.000000
0.000000 33.613 17 8000 800.000000
0.000000 35.563 18 8000 800.000000
0.000000 37.513 19 8000 800.000000
0.000000 39.466 20 8000 800.000000
0.000000 41.438 21 8000 800.000000
0.000000 43.393 22 8000 800.000000
0.000000 45.345 23 8000 800.000000
0.000000 47.306 24 8000 800.000000
0.000000 49.285 25 8000 800.000000
0.000000 51.255 26 8000 800.000000
0.000000 53.240 27 8000 800.000000
0.000000 55.222 28 8000 800.000000
0.000000 57.231 29 8000 800.000000
0.000000 59.229 30 8000 800.000000
0.000000 61.224 31 8000 800.000000
0.000000 63.204 32 8000 800.000000
0.000000 65.195 33 8000 800.000000
0.000000 67.166 34 8000 800.000000
0.000000 69.158 35 8000 800.000000
0.000000 71.144 36 8000 800.000000
0.000000 73.128 37 8000 800.000000
0.000000 75.076 38 8000 800.000000
0.000000 77.022 39 8000 800.000000
0.000000 78.968 40 8000 800.000000
0.000000 80.933 41 8000 800.000000
0.000000 82.889 42 8000 800.000000
0.000000 84.896 43 8000 800.000000
0.000000 86.841 44 8000 800.000000
0.000000 88.826 45 8000 800.000000
0.000000 90.787 46 8000 800.000000
0.000000 92.795 47 8000 800.000000
0.000000 94.776 48 8000 800.000000
0.000000 96.738 49 8000 800.000000
0.000000 98.697 50 8000 800.000000
0.000000 100.644 51 8000 800.000000
0.000000 102.589 52 8000 800.000000
0.000000 104.535 53 8000 800.000000
0.000000 106.481 54 8000 800.000000
0.000000 108.427 55 8000 800.000000
0.000000 110.373 56 8000 800.000000
0.000000 112.318 57 8000 800.000000
0.000000 114.284 58 8000 800.000000
0.000000 116.240 59 8000 800.000000
0.000000 118.186 60 8000 800.000000
0.000000 120.191 61 8000 800.000000
0.000000 122.137 62 8000 800.000000
0.000000 124.095 63 8000 800.000000
0.000000 126.053 64 8000 800.000000
0.000000 128.058 65 8000 800.000000
0.000000 130.019 66 8000 800.000000
0.000000 131.978 67 8000 800.000000
0.000000 133.939 68 8000 800.000000
0.000000 135.903 69 8000 800.000000
0.000000 137.923 70 8000 800.000000
0.000000 139.873 71 8000 800.000000
0.000000 141.822 72 8000 800.000000
0.000000 143.769 73 8000 800.000000
0.000000 145.715 74 8000 800.000000
0.000000 147.682 75 8000 800.000000
0.000000 149.640 76 8000 800.000000
0.000000 151.585 77 8000 800.000000
0.000000 153.539 78 8000 800.000000
0.000000 155.494 79 8000 800.000000
0.000000 157.453 80 8000 800.000000
0.000000 159.408 81 8000 800.000000
0.000000 161.356 82 8000 800.000000
0.000000 163.317 83 8000 800.000000
0.000000 165.282 84 8000 800.000000
0.000000 167.228 85 8000 800.000000
0.000000 169.177 86 8000 800.000000
0.000000 171.122 87 8000 800.000000
0.000000 173.075 88 8000 800.000000
0.000000 175.020 89 8000 800.000000
0.000000 176.967 90 8000 800.000000
0.000000 178.913 91 8000 800.000000
0.000000 180.875 92 8000 800.000000
0.000000 182.837 93 8000 800.000000
0.000000 184.786 94 8000 800.000000
0.000000 186.732 95 8000 800.000000
0.000000 188.678 96 8000 800.000000
0.000000 190.638 97 8000 800.000000
0.000000 192.596 98 8000 800.000000
0.000000 194.570 99 8000 800.000000
0.000000 196.522 100 8000 800.000000
