1.169215 0.254 1 4000 200.000000
0.984083 0.495 2 4000 300.000000
0.984083 0.733 3 4000 300.000000
0.777035 0.971 4 4000 400.000000
0.777035 1.211 5 4000 400.000000
0.777035 1.449 6 4000 400.000000
0.777035 1.689 7 4000 400.000000
0.777035 1.931 8 4000 400.000000
0.777035 2.169 9 4000 400.000000
0.747730 2.407 10 4000 500.000000
0.747730 2.645 11 4000 500.000000
0.747730 2.883 12 4000 500.000000
0.747730 3.122 13 4000 500.000000
0.561641 3.360 14 4000 600.000000
0.561641 3.600 15 4000 600.000000
0.561641 3.838 16 4000 600.000000
0.561641 4.076 17 4000 600.000000
0.561641 4.314 18 4000 600.000000
0.561641 4.555 19 4000 600.000000
0.561641 4.798 20 4000 600.000000
0.561641 5.036 21 4000 600.000000
0.561641 5.298 22 4000 600.000000
0.561641 5.637 23 4000 600.000000
0.561641 5.875 24 4000 600.000000
0.561641 6.114 25 4000 600.000000
0.561641 6.352 26 4000 600.000000
0.561641 6.594 27 4000 600.000000
0.561641 6.832 28 4000 600.000000
0.375043 7.070 29 4000 700.000000
0.375043 7.310 30 4000 700.000000
0.375043 7.548 31 4000 700.000000
0.375043 7.789 32 4000 700.000000
0.375043 8.057 33 4000 700.000000
0.375043 8.295 34 4000 700.000000
0.375043 8.533 35 4000 700.000000
0.375043 8.777 36 4000 700.000000
0.375043 9.015 37 4000 700.000000
0.375043 9.253 38 4000 700.000000
0.375043 9.491 39 4000 700.000000
0.375043 9.732 40 4000 700.000000
0.375043 9.981 41 4000 700.000000
0.375043 10.218 42 4000 700.000000
0.375043 10.457 43 4000 700.000000
0.375043 10.695 44 4000 700.000000
0.375043 10.938 45 4000 700.000000
0.375043 11.203 46 4000 700.000000
0.375043 11.444 47 4000 700.000000
0.375043 11.682 48 4000 700.000000
0.375043 11.922 49 4000 700.000000
0.375043 12.160 50 4000 700.000000
0.375043 12.397 51 4000 700.000000
0.375043 12.635 52 4000 700.000000
0.375043 12.873 53 4000 700.000000
0.375043 13.114 54 4000 700.000000
0.375043 13.361 55 4000 700.000000
0.375043 13.602 56 4000 700.000000
0.375043 13.840 57 4000 700.000000
0.375043 14.109 58 4000 700.000000
0.375043 14.347 59 4000 700.000000
0.375043 14.585 60 4000 700.000000
0.375043 14.823 61 4000 700.000000
0.375043 15.061 62 4000 700.000000
0.375043 15.299 63 4000 700.000000
0.375043 15.538 64 4000 700.000000
0.375043 15.776 65 4000 700.000000
0.375043 16.045 66 4000 700.000000
0.375043 16.283 67 4000 700.000000
0.375043 16.521 68 4000 700.000000
0.375043 16.765 69 4000 700.000000
0.375043 17.004 70 4000 700.000000
0.375043 17.244 71 4000 700.000000
0.375043 17.482 72 4000 700.000000
0.375043 17.722 73 4000 700.000000
0.375043 17.975 74 4000 700.000000
0.375043 18.229 75 4000 700.000000
0.375043 18.475 76 4000 700.000000
0.375043 18.713 77 4000 700.000000
0.375043 18.952 78 4000 700.000000
0.375043 19.191 79 4000 700.000000
0.375043 19.432 80 4000 700.000000
0.375043 19.670 81 4000 700.000000
0.375043 19.908 82 4000 700.000000
0.248840 20.178 83 4000 800.000000
0.074282 20.416 84 4000 900.000000
0.074282 20.654 85 4000 900.000000
0.074282 20.896 86 4000 900.000000
0.074282 21.133 87 4000 900.000000
0.074282 21.372 88 4000 900.000000
0.074282 21.610 89 4000 900.000000
0.074282 21.851 90 4000 900.000000
0.074282 22.117 91 4000 900.000000
0.074282 22.355 92 4000 900.000000
0.074282 22.595 93 4000 900.000000
0.074282 22.834 94 4000 900.000000
0.074282 23.103 95 4000 900.000000
0.074282 23.341 96 4000 900.000000
0.074282 23.580 97 4000 900.000000
0.074282 23.818 98 4000 900.000000
0.074282 24.056 99 4000 900.000000
0.074282 24.294 100 4000 900.000000
