0.512648 2.149 1 8000 200.000000
0.492111 4.108 2 8000 400.000000
0.475128 6.089 3 8000 500.000000
0.475128 8.048 4 8000 500.000000
0.475128 9.996 5 8000 500.000000
0.475128 11.946 6 8000 500.000000
0.475128 13.903 7 8000 500.000000
0.475128 15.852 8 8000 500.000000
0.475128 17.799 9 8000 500.000000
0.475128 19.785 10 8000 500.000000
0.475128 21.752 11 8000 500.000000
0.475128 23.704 12 8000 500.000000
0.475128 25.672 13 8000 500.000000
0.475128 27.620 14 8000 500.000000
0.475128 29.568 15 8000 500.000000
0.475128 31.517 16 8000 500.000000
0.475128 33.464 17 8000 500.000000
0.475128 35.414 18 8000 500.000000
0.475128 37.386 19 8000 500.000000
0.475128 39.348 20 8000 500.000000
0.475128 41.304 21 8000 500.000000
0.475128 43.253 22 8000 500.000000
0.475128 45.202 23 8000 500.000000
0.475128 47.160 24 8000 500.000000
0.475128 49.110 25 8000 500.000000
0.475128 51.060 26 8000 500.000000
0.475128 53.025 27 8000 500.000000
0.475128 54.987 28 8000 500.000000
0.475128 57.010 29 8000 500.000000
0.475128 58.989 30 8000 500.000000
0.475128 60.974 31 8000 500.000000
0.475128 62.948 32 8000 500.000000
0.475128 64.895 33 8000 500.000000
0.475128 66.845 34 8000 500.000000
0.475128 68.791 35 8000 500.000000
0.475128 70.739 36 8000 500.000000
0.475128 72.700 37 8000 500.000000
0.475128 74.658 38 8000 500.000000
0.475128 76.604 39 8000 500.000000
0.475128 78.549 40 8000 500.000000
0.475128 80.512 41 8000 500.000000
0.475128 82.464 42 8000 500.000000
0.473153 84.413 43 8000 600.000000
0.473153 86.362 44 8000 600.000000
0.473153 88.324 45 8000 600.000000
0.473153 90.269 46 8000 600.000000
0.473153 92.217 47 8000 600.000000
0.473153 94.164 48 8000 600.000000
0.473153 96.112 49 8000 600.000000
0.473153 98.059 50 8000 600.000000
0.473153 100.008 51 8000 600.000000
0.473153 101.954 52 8000 600.000000
0.473153 103.906 53 8000 600.000000
0.471968 105.867 54 8000 700.000000
0.471968 107.825 55 8000 700.000000
0.118091 109.772 56 8000 800.000000
0.000000 111.719 57 8000 900.000000
0.000000 113.703 58 8000 900.000000
0.000000 115.656 59 8000 900.000000
0.000000 117.602 60 8000 900.000000
0.000000 119.591 61 8000 900.000000
0.000000 121.550 62 8000 900.000000
0.000000 123.538 63 8000 900.000000
0.000000 125.488 64 8000 900.000000
0.000000 127.437 65 8000 900.000000
0.000000 129.383 66 8000 900.000000
0.000000 131.379 67 8000 900.000000
0.000000 133.324 68 8000 900.000000
0.000000 135.322 69 8000 900.000000
0.000000 137.267 70 8000 900.000000
0.000000 139.265 71 8000 900.000000
0.000000 141.242 72 8000 900.000000
0.000000 143.251 73 8000 900.000000
0.000000 145.197 74 8000 900.000000
0.000000 147.204 75 8000 900.000000
0.000000 149.161 76 8000 900.000000
0.000000 151.165 77 8000 900.000000
0.000000 153.112 78 8000 900.000000
0.000000 155.116 79 8000 900.000000
0.000000 157.081 80 8000 900.000000
0.000000 159.030 81 8000 900.000000
0.000000 160.976 82 8000 900.000000
0.000000 162.930 83 8000 900.000000
0.000000 164.875 84 8000 900.000000
0.000000 166.887 85 8000 900.000000
0.000000 168.836 86 8000 900.000000
0.000000 170.782 87 8000 900.000000
0.000000 172.768 88 8000 900.000000
0.000000 174.725 89 8000 900.000000
0.000000 176.735 90 8000 900.000000
0.000000 178.708 91 8000 900.000000
0.000000 180.668 92 8000 900.000000
0.000000 182.632 93 8000 900.000000
0.000000 184.580 94 8000 900.000000
0.000000 186.528 95 8000 900.000000
0.000000 188.487 96 8000 900.000000
0.000000 190.433 97 8000 900.000000
0.000000 192.381 98 8000 900.000000
0.000000 194.327 99 8000 900.000000
0.000000 196.275 100 8000 900.000000
