0.546219 1.961 1 8000 100.000000
0.518968 3.912 2 8000 300.000000
0.484607 5.863 3 8000 400.000000
0.000000 7.831 4 8000 500.000000
0.000000 9.792 5 8000 500.000000
0.000000 11.741 6 8000 500.000000
0.000000 13.689 7 8000 500.000000
0.000000 15.648 8 8000 500.000000
0.000000 17.594 9 8000 500.000000
0.000000 19.541 10 8000 500.000000
0.000000 21.487 11 8000 500.000000
0.000000 23.433 12 8000 500.000000
0.000000 25.396 13 8000 500.000000
0.000000 27.354 14 8000 500.000000
0.000000 29.380 15 8000 500.000000
0.000000 31.325 16 8000 500.000000
0.000000 33.273 17 8000 500.000000
0.000000 35.246 18 8000 500.000000
0.000000 37.193 19 8000 500.000000
0.000000 39.139 20 8000 500.000000
0.000000 41.214 21 8000 500.000000
0.000000 43.176 22 8000 500.000000
0.000000 45.124 23 8000 500.000000
0.000000 47.167 24 8000 500.000000
0.000000 49.126 25 8000 500.000000
0.000000 51.073 26 8000 500.000000
0.000000 53.020 27 8000 500.000000
0.000000 55.014 28 8000 500.000000
0.000000 56.964 29 8000 500.000000
0.000000 58.927 30 8000 500.000000
0.000000 60.886 31 8000 500.000000
0.000000 62.832 32 8000 500.000000
0.000000 64.782 33 8000 500.000000
0.000000 66.733 34 8000 500.000000
0.000000 68.732 35 8000 500.000000
0.000000 70.729 36 8000 500.000000
0.000000 72.677 37 8000 500.000000
0.000000 74.634 38 8000 500.000000
0.000000 76.593 39 8000 500.000000
0.000000 78.544 40 8000 500.000000
0.000000 80.495 41 8000 500.000000
0.000000 82.458 42 8000 500.000000
0.000000 84.503 43 8000 500.000000
0.000000 86.454 44 8000 500.000000
0.000000 88.408 45 8000 500.000000
0.000000 90.353 46 8000 500.000000
0.000000 92.316 47 8000 500.000000
0.000000 94.273 48 8000 500.000000
0.000000 96.238 49 8000 500.000000
0.000000 98.272 50 8000 500.000000
0.000000 100.224 51 8000 500.000000
0.000000 102.218 52 8000 500.000000
0.000000 104.174 53 8000 500.000000
0.000000 106.126 54 8000 500.000000
0.000000 108.075 55 8000 500.000000
0.000000 110.031 56 8000 500.000000
0.000000 111.989 57 8000 500.000000
0.000000 114.036 58 8000 500.000000
0.000000 115.998 59 8000 500.000000
0.000000 117.949 60 8000 500.000000
0.000000 119.902 61 8000 500.000000
0.000000 121.847 62 8000 500.000000
0.000000 123.795 63 8000 500.000000
0.000000 125.749 64 8000 500.000000
0.000000 127.706 65 8000 500.000000
0.000000 129.656 66 8000 500.000000
0.000000 131.604 67 8000 500.000000
0.000000 133.549 68 8000 500.000000
0.000000 135.524 69 8000 500.000000
0.000000 137.471 70 8000 500.000000
0.000000 139.423 71 8000 500.000000
0.000000 141.368 72 8000 500.000000
0.000000 143.421 73 8000 500.000000
0.000000 145.368 74 8000 500.000000
0.000000 147.315 75 8000 500.000000
0.000000 149.381 76 8000 500.000000
0.000000 151.333 77 8000 500.000000
0.000000 153.278 78 8000 500.000000
0.000000 155.240 79 8000 500.000000
0.000000 157.186 80 8000 500.000000
0.000000 159.135 81 8000 500.000000
0.000000 161.220 82 8000 500.000000
0.000000 163.167 83 8000 500.000000
0.000000 165.117 84 8000 500.000000
0.000000 167.062 85 8000 500.000000
0.000000 169.024 86 8000 500.000000
0.000000 171.066 87 8000 500.000000
0.000000 173.018 88 8000 500.000000
0.000000 174.964 89 8000 500.000000
0.000000 176.926 90 8000 500.000000
0.000000 179.005 91 8000 500.000000
0.000000 180.956 92 8000 500.000000
0.000000 182.923 93 8000 500.000000
0.000000 184.884 94 8000 500.000000
0.000000 186.835 95 8000 500.000000
0.000000 188.782 96 8000 500.000000
0.000000 190.731 97 8000 500.000000
0.000000 192.682 98 8000 500.000000
0.000000 194.639 99 8000 500.000000
0.000000 196.592 100 8000 500.000000
