0.925791 0.242 1 4000 100.000000
0.558647 0.480 2 4000 300.000000
0.558647 0.719 3 4000 300.000000
0.558647 0.958 4 4000 300.000000
0.558647 1.197 5 4000 300.000000
0.558647 1.435 6 4000 300.000000
0.558647 1.674 7 4000 300.000000
0.558647 1.913 8 4000 300.000000
0.558647 2.153 9 4000 300.000000
0.558647 2.391 10 4000 300.000000
0.558647 2.630 11 4000 300.000000
0.558647 2.870 12 4000 300.000000
0.558647 3.108 13 4000 300.000000
0.558647 3.346 14 4000 300.000000
0.558647 3.585 15 4000 300.000000
0.558647 3.824 16 4000 300.000000
0.558647 4.062 17 4000 300.000000
0.558647 4.301 18 4000 300.000000
0.558647 4.546 19 4000 300.000000
0.523162 4.788 20 4000 400.000000
0.523162 5.026 21 4000 400.000000
0.523162 5.264 22 4000 400.000000
0.523162 5.504 23 4000 400.000000
0.523162 5.742 24 4000 400.000000
0.523162 5.980 25 4000 400.000000
0.523162 6.221 26 4000 400.000000
0.523162 6.459 27 4000 400.000000
0.523162 6.697 28 4000 400.000000
0.523162 6.940 29 4000 400.000000
0.523162 7.183 30 4000 400.000000
0.523162 7.421 31 4000 400.000000
0.523162 7.659 32 4000 400.000000
0.523162 7.898 33 4000 400.000000
0.523162 8.138 34 4000 400.000000
0.523162 8.377 35 4000 400.000000
0.523162 8.616 36 4000 400.000000
0.523162 8.854 37 4000 400.000000
0.523162 9.093 38 4000 400.000000
0.523162 9.331 39 4000 400.000000
0.523162 9.572 40 4000 400.000000
0.523162 9.810 41 4000 400.000000
0.523162 10.051 42 4000 400.000000
0.523162 10.289 43 4000 400.000000
0.523162 10.527 44 4000 400.000000
0.523162 10.767 45 4000 400.000000
0.523162 11.008 46 4000 400.000000
0.523162 11.246 47 4000 400.000000
0.523162 11.484 48 4000 400.000000
0.523162 11.722 49 4000 400.000000
0.523162 11.960 50 4000 400.000000
0.414860 12.200 51 4000 500.000000
0.414860 12.438 52 4000 500.000000
0.414860 12.676 53 4000 500.000000
0.414860 12.914 54 4000 500.000000
0.414860 13.179 55 4000 500.000000
0.414860 13.417 56 4000 500.000000
0.414860 13.656 57 4000 500.000000
0.414860 13.894 58 4000 500.000000
0.414860 14.135 59 4000 500.000000
0.414860 14.373 60 4000 500.000000
0.414860 14.611 61 4000 500.000000
0.414860 14.851 62 4000 500.000000
0.414860 15.089 63 4000 500.000000
0.414860 15.327 64 4000 500.000000
0.414860 15.566 65 4000 500.000000
0.414860 15.804 66 4000 500.000000
0.414860 16.042 67 4000 500.000000
0.414860 16.283 68 4000 500.000000
0.414860 16.520 69 4000 500.000000
0.414860 16.758 70 4000 500.000000
0.414860 16.996 71 4000 500.000000
0.414860 17.234 72 4000 500.000000
0.414860 17.475 73 4000 500.000000
0.414860 17.713 74 4000 500.000000
0.414860 17.951 75 4000 500.000000
0.414860 18.192 76 4000 500.000000
0.414860 18.430 77 4000 500.000000
0.414860 18.668 78 4000 500.000000
0.414860 18.908 79 4000 500.000000
0.414860 19.147 80 4000 500.000000
0.414860 19.386 81 4000 500.000000
0.414860 19.624 82 4000 500.000000
0.414860 19.862 83 4000 500.000000
0.414860 20.100 84 4000 500.000000
0.414860 20.338 85 4000 500.000000
0.414860 20.576 86 4000 500.000000
0.414860 20.814 87 4000 500.000000
0.414860 21.052 88 4000 500.000000
0.414860 21.290 89 4000 500.000000
0.414860 21.529 90 4000 500.000000
0.414860 21.767 91 4000 500.000000
0.414860 22.013 92 4000 500.000000
0.414860 22.254 93 4000 500.000000
0.414860 22.492 94 4000 500.000000
0.414860 22.734 95 4000 500.000000
0.414860 22.975 96 4000 500.000000
0.414860 23.213 97 4000 500.000000
0.414860 23.455 98 4000 500.000000
0.414860 23.693 99 4000 500.000000
0.414860 23.931 100 4000 500.000000
