0.537925 1.950 1 8000 200.000000
0.508304 3.937 2 8000 300.000000
0.507514 5.935 3 8000 400.000000
0.504749 7.884 4 8000 500.000000
0.486187 9.841 5 8000 600.000000
0.483817 11.803 6 8000 700.000000
0.482237 13.756 7 8000 800.000000
0.482237 15.706 8 8000 800.000000
0.000000 17.728 9 8000 900.000000
0.000000 19.689 10 8000 900.000000
0.000000 21.633 11 8000 900.000000
0.000000 23.608 12 8000 900.000000
0.000000 25.574 13 8000 900.000000
0.000000 27.587 14 8000 900.000000
0.000000 29.532 15 8000 900.000000
0.000000 31.481 16 8000 900.000000
0.000000 33.426 17 8000 900.000000
0.000000 35.374 18 8000 900.000000
0.000000 37.333 19 8000 900.000000
0.000000 39.281 20 8000 900.000000
0.000000 41.226 21 8000 900.000000
0.000000 43.173 22 8000 900.000000
0.000000 45.137 23 8000 900.000000
0.000000 47.090 24 8000 900.000000
0.000000 49.035 25 8000 900.000000
0.000000 50.983 26 8000 900.000000
0.000000 52.942 27 8000 900.000000
0.000000 54.888 28 8000 900.000000
0.000000 56.837 29 8000 900.000000
0.000000 58.785 30 8000 900.000000
0.000000 60.733 31 8000 900.000000
0.000000 62.678 32 8000 900.000000
0.000000 64.626 33 8000 900.000000
0.000000 66.571 34 8000 900.000000
0.000000 68.518 35 8000 900.000000
0.000000 70.481 36 8000 900.000000
0.000000 72.430 37 8000 900.000000
0.000000 74.376 38 8000 900.000000
0.000000 76.331 39 8000 900.000000
0.000000 78.292 40 8000 900.000000
0.000000 80.249 41 8000 900.000000
0.000000 82.213 42 8000 900.000000
0.000000 84.160 43 8000 900.000000
0.000000 86.118 44 8000 900.000000
0.000000 88.068 45 8000 900.000000
0.000000 90.013 46 8000 900.000000
0.000000 91.961 47 8000 900.000000
0.000000 93.908 48 8000 900.000000
0.000000 95.860 49 8000 900.000000
0.000000 97.806 50 8000 900.000000
0.000000 99.753 51 8000 900.000000
0.000000 101.702 52 8000 900.000000
0.000000 103.665 53 8000 900.000000
0.000000 105.611 54 8000 900.000000
0.000000 107.558 55 8000 900.000000
0.000000 109.503 56 8000 900.000000
0.000000 111.464 57 8000 900.000000
0.000000 113.420 58 8000 900.000000
0.000000 115.368 59 8000 900.000000
0.000000 117.313 60 8000 900.000000
0.000000 119.273 61 8000 900.000000
0.000000 121.220 62 8000 900.000000
0.000000 123.184 63 8000 900.000000
0.000000 125.129 64 8000 900.000000
0.000000 127.075 65 8000 900.000000
0.000000 129.021 66 8000 900.000000
0.000000 130.966 67 8000 900.000000
0.000000 132.913 68 8000 900.000000
0.000000 134.862 69 8000 900.000000
0.000000 136.824 70 8000 900.000000
0.000000 138.776 71 8000 900.000000
0.000000 140.723 72 8000 900.000000
0.000000 142.697 73 8000 900.000000
0.000000 144.658 74 8000 900.000000
0.000000 146.667 75 8000 900.000000
0.000000 148.614 76 8000 900.000000
0.000000 150.559 77 8000 900.000000
0.000000 152.518 78 8000 900.000000
0.000000 154.468 79 8000 900.000000
0.000000 156.416 80 8000 900.000000
0.000000 158.361 81 8000 900.000000
0.000000 160.307 82 8000 900.000000
0.000000 162.252 83 8000 900.000000
0.000000 164.198 84 8000 900.000000
0.000000 166.144 85 8000 900.000000
0.000000 168.090 86 8000 900.000000
0.000000 170.052 87 8000 900.000000
0.000000 172.000 88 8000 900.000000
0.000000 173.947 89 8000 900.000000
0.000000 175.894 90 8000 900.000000
0.000000 177.844 91 8000 900.000000
0.000000 179.799 92 8000 900.000000
0.000000 181.745 93 8000 900.000000
0.000000 183.691 94 8000 900.000000
0.000000 185.654 95 8000 900.000000
0.000000 187.604 96 8000 900.000000
0.000000 189.550 97 8000 900.000000
0.000000 191.498 98 8000 900.000000
0.000000 193.446 99 8000 900.000000
0.000000 195.394 100 8000 900.000000
