0.545429 1.952 1 8000 300.000000
0.513833 3.899 2 8000 500.000000
0.512253 5.856 3 8000 600.000000
0.502380 7.812 4 8000 800.000000
0.484607 9.763 5 8000 900.000000
0.484607 11.709 6 8000 900.000000
0.000000 13.671 7 8000 1000.000000
0.000000 15.621 8 8000 1000.000000
0.000000 17.571 9 8000 1000.000000
0.000000 19.516 10 8000 1000.000000
0.000000 21.490 11 8000 1000.000000
0.000000 23.437 12 8000 1000.000000
0.000000 25.801 13 8000 1000.000000
0.000000 29.587 14 8000 1000.000000
0.000000 33.374 15 8000 1000.000000
0.000000 35.472 16 8000 1000.000000
0.000000 37.453 17 8000 1000.000000
0.000000 39.424 18 8000 1000.000000
0.000000 41.406 19 8000 1000.000000
0.000000 43.373 20 8000 1000.000000
0.000000 45.355 21 8000 1000.000000
0.000000 47.324 22 8000 1000.000000
0.000000 49.306 23 8000 1000.000000
0.000000 51.267 24 8000 1000.000000
0.000000 53.256 25 8000 1000.000000
0.000000 55.202 26 8000 1000.000000
0.000000 57.171 27 8000 1000.000000
0.000000 59.124 28 8000 1000.000000
0.000000 61.117 29 8000 1000.000000
0.000000 63.082 30 8000 1000.000000
0.000000 65.073 31 8000 1000.000000
0.000000 67.031 32 8000 1000.000000
0.000000 69.023 33 8000 1000.000000
0.000000 70.983 34 8000 1000.000000
0.000000 72.974 35 8000 1000.000000
0.000000 74.932 36 8000 1000.000000
0.000000 76.923 37 8000 1000.000000
0.000000 78.877 38 8000 1000.000000
0.000000 80.868 39 8000 1000.000000
0.000000 82.814 40 8000 1000.000000
0.000000 84.827 41 8000 1000.000000
0.000000 86.796 42 8000 1000.000000
0.000000 88.786 43 8000 1000.000000
0.000000 90.746 44 8000 1000.000000
0.000000 92.735 45 8000 1000.000000
0.000000 94.696 46 8000 1000.000000
0.000000 96.659 47 8000 1000.000000
0.000000 98.615 48 8000 1000.000000
0.000000 100.562 49 8000 1000.000000
0.000000 102.523 50 8000 1000.000000
0.000000 104.476 51 8000 1000.000000
0.000000 106.422 52 8000 1000.000000
0.000000 108.368 53 8000 1000.000000
0.000000 110.315 54 8000 1000.000000
0.000000 112.270 55 8000 1000.000000
0.000000 114.217 56 8000 1000.000000
0.000000 116.164 57 8000 1000.000000
0.000000 118.133 58 8000 1000.000000
0.000000 120.088 59 8000 1000.000000
0.000000 122.035 60 8000 1000.000000
0.000000 123.981 61 8000 1000.000000
0.000000 125.927 62 8000 1000.000000
0.000000 127.875 63 8000 1000.000000
0.000000 129.836 64 8000 1000.000000
0.000000 131.792 65 8000 1000.000000
0.000000 133.738 66 8000 1000.000000
0.000000 135.703 67 8000 1000.000000
0.000000 137.661 68 8000 1000.000000
0.000000 139.609 69 8000 1000.000000
0.000000 141.583 70 8000 1000.000000
0.000000 143.533 71 8000 1000.000000
0.000000 145.489 72 8000 1000.000000
0.000000 147.514 73 8000 1000.000000
0.000000 149.462 74 8000 1000.000000
0.000000 151.429 75 8000 1000.000000
0.000000 153.387 76 8000 1000.000000
0.000000 155.333 77 8000 1000.000000
0.000000 157.280 78 8000 1000.000000
0.000000 159.227 79 8000 1000.000000
0.000000 161.175 80 8000 1000.000000
0.000000 163.135 81 8000 1000.000000
0.000000 165.091 82 8000 1000.000000
0.000000 167.037 83 8000 1000.000000
0.000000 169.006 84 8000 1000.000000
0.000000 170.963 85 8000 1000.000000
0.000000 172.913 86 8000 1000.000000
0.000000 174.858 87 8000 1000.000000
0.000000 176.808 88 8000 1000.000000
0.000000 178.766 89 8000 1000.000000
0.000000 180.712 90 8000 1000.000000
0.000000 182.657 91 8000 1000.000000
0.000000 184.619 92 8000 1000.000000
0.000000 186.577 93 8000 1000.000000
0.000000 188.523 94 8000 1000.000000
0.000000 190.470 95 8000 1000.000000
0.000000 192.415 96 8000 1000.000000
0.000000 194.364 97 8000 1000.000000
0.000000 196.316 98 8000 1000.000000
0.000000 198.272 99 8000 1000.000000
0.000000 200.221 100 8000 1000.000000
