1.199221 0.267 1 4000 400.000000
0.967965 0.505 2 4000 600.000000
0.944712 0.744 3 4000 800.000000
0.861447 0.983 4 4000 900.000000
0.861447 1.223 5 4000 900.000000
0.861447 1.461 6 4000 900.000000
0.813093 1.699 7 4000 1000.000000
0.810163 1.938 8 4000 1100.000000
0.810163 2.179 9 4000 1100.000000
0.707530 2.420 10 4000 1200.000000
0.707530 2.658 11 4000 1200.000000
0.434864 2.896 12 4000 1300.000000
0.434864 3.137 13 4000 1300.000000
0.434864 3.381 14 4000 1300.000000
0.434864 3.622 15 4000 1300.000000
0.434864 3.863 16 4000 1300.000000
0.434864 4.136 17 4000 1300.000000
0.434864 4.375 18 4000 1300.000000
0.434864 4.613 19 4000 1300.000000
0.434864 4.853 20 4000 1300.000000
0.434864 5.149 21 4000 1300.000000
0.434864 5.387 22 4000 1300.000000
0.434864 5.626 23 4000 1300.000000
0.434864 5.864 24 4000 1300.000000
0.434864 6.105 25 4000 1300.000000
0.434864 6.343 26 4000 1300.000000
0.434864 6.584 27 4000 1300.000000
0.434864 6.823 28 4000 1300.000000
0.434864 7.062 29 4000 1300.000000
0.434864 7.301 30 4000 1300.000000
0.434864 7.539 31 4000 1300.000000
0.434864 7.778 32 4000 1300.000000
0.434864 8.016 33 4000 1300.000000
0.434864 8.254 34 4000 1300.000000
0.434864 8.496 35 4000 1300.000000
0.434864 8.734 36 4000 1300.000000
0.434864 8.972 37 4000 1300.000000
0.434864 9.211 38 4000 1300.000000
0.434864 9.449 39 4000 1300.000000
0.434864 9.687 40 4000 1300.000000
0.434864 9.926 41 4000 1300.000000
0.434864 10.167 42 4000 1300.000000
0.434864 10.405 43 4000 1300.000000
0.434864 10.643 44 4000 1300.000000
0.434864 10.881 45 4000 1300.000000
0.434864 11.119 46 4000 1300.000000
0.434864 11.357 47 4000 1300.000000
0.434864 11.595 48 4000 1300.000000
0.434864 11.837 49 4000 1300.000000
0.434864 12.074 50 4000 1300.000000
0.434864 12.317 51 4000 1300.000000
0.434864 12.556 52 4000 1300.000000
0.434864 12.794 53 4000 1300.000000
0.434864 13.033 54 4000 1300.000000
0.406770 13.275 55 4000 1400.000000
0.344719 13.513 56 4000 1500.000000
0.344719 13.752 57 4000 1500.000000
0.344719 13.990 58 4000 1500.000000
0.344719 14.231 59 4000 1500.000000
0.344719 14.469 60 4000 1500.000000
0.344719 14.707 61 4000 1500.000000
0.344719 14.945 62 4000 1500.000000
0.344719 15.183 63 4000 1500.000000
0.344719 15.421 64 4000 1500.000000
0.344719 15.659 65 4000 1500.000000
0.344719 15.899 66 4000 1500.000000
0.344719 16.140 67 4000 1500.000000
0.344719 16.384 68 4000 1500.000000
0.344719 16.622 69 4000 1500.000000
0.344719 16.860 70 4000 1500.000000
0.344719 17.099 71 4000 1500.000000
0.344719 17.337 72 4000 1500.000000
0.344719 17.575 73 4000 1500.000000
0.344719 17.816 74 4000 1500.000000
0.344719 18.057 75 4000 1500.000000
0.344719 18.295 76 4000 1500.000000
0.344719 18.534 77 4000 1500.000000
0.344719 18.772 78 4000 1500.000000
0.344719 19.010 79 4000 1500.000000
0.344719 19.248 80 4000 1500.000000
0.344719 19.486 81 4000 1500.000000
0.344719 19.724 82 4000 1500.000000
0.344719 19.962 83 4000 1500.000000
0.344719 20.200 84 4000 1500.000000
0.344719 20.437 85 4000 1500.000000
0.344719 20.675 86 4000 1500.000000
0.344719 20.913 87 4000 1500.000000
0.344719 21.155 88 4000 1500.000000
0.344719 21.392 89 4000 1500.000000
0.344719 21.630 90 4000 1500.000000
0.344719 21.869 91 4000 1500.000000
0.344719 22.110 92 4000 1500.000000
0.344719 22.348 93 4000 1500.000000
0.344719 22.589 94 4000 1500.000000
0.344719 22.827 95 4000 1500.000000
0.344719 23.069 96 4000 1500.000000
0.344719 23.307 97 4000 1500.000000
0.344719 23.546 98 4000 1500.000000
0.344719 23.784 99 4000 1500.000000
0.344719 24.022 100 4000 1500.000000
