0.541875 1.948 1 8000 200.000000
0.000000 3.895 2 8000 300.000000
0.000000 5.842 3 8000 300.000000
0.000000 7.817 4 8000 300.000000
0.000000 9.778 5 8000 300.000000
0.000000 11.740 6 8000 300.000000
0.000000 13.686 7 8000 300.000000
0.000000 15.646 8 8000 300.000000
0.000000 17.607 9 8000 300.000000
0.000000 19.564 10 8000 300.000000
0.000000 21.513 11 8000 300.000000
0.000000 23.463 12 8000 300.000000
0.000000 25.415 13 8000 300.000000
0.000000 27.371 14 8000 300.000000
0.000000 29.332 15 8000 300.000000
0.000000 31.284 16 8000 300.000000
0.000000 33.245 17 8000 300.000000
0.000000 35.196 18 8000 300.000000
0.000000 37.145 19 8000 300.000000
0.000000 39.105 20 8000 300.000000
0.000000 41.065 21 8000 300.000000
0.000000 43.023 22 8000 300.000000
0.000000 44.972 23 8000 300.000000
0.000000 46.931 24 8000 300.000000
0.000000 48.900 25 8000 300.000000
0.000000 50.863 26 8000 300.000000
0.000000 52.822 27 8000 300.000000
0.000000 54.767 28 8000 300.000000
0.000000 56.722 29 8000 300.000000
0.000000 58.674 30 8000 300.000000
0.000000 60.622 31 8000 300.000000
0.000000 62.583 32 8000 300.000000
0.000000 64.536 33 8000 300.000000
0.000000 66.524 34 8000 300.000000
0.000000 68.474 35 8000 300.000000
0.000000 70.419 36 8000 300.000000
0.000000 72.403 37 8000 300.000000
0.000000 74.354 38 8000 300.000000
0.000000 76.310 39 8000 300.000000
0.000000 78.256 40 8000 300.000000
0.000000 80.203 41 8000 300.000000
0.000000 82.163 42 8000 300.000000
0.000000 84.114 43 8000 300.000000
0.000000 86.064 44 8000 300.000000
0.000000 88.008 45 8000 300.000000
0.000000 89.955 46 8000 300.000000
0.000000 91.900 47 8000 300.000000
0.000000 93.848 48 8000 300.000000
0.000000 95.815 49 8000 300.000000
0.000000 97.772 50 8000 300.000000
0.000000 99.731 51 8000 300.000000
0.000000 101.681 52 8000 300.000000
0.000000 103.627 53 8000 300.000000
0.000000 105.575 54 8000 300.000000
0.000000 107.521 55 8000 300.000000
0.000000 109.477 56 8000 300.000000
0.000000 111.421 57 8000 300.000000
0.000000 113.368 58 8000 300.000000
0.000000 115.333 59 8000 300.000000
0.000000 117.288 60 8000 300.000000
0.000000 119.238 61 8000 300.000000
0.000000 121.185 62 8000 300.000000
0.000000 123.131 63 8000 300.000000
0.000000 125.078 64 8000 300.000000
0.000000 127.041 65 8000 300.000000
0.000000 129.008 66 8000 300.000000
0.000000 130.986 67 8000 300.000000
0.000000 132.948 68 8000 300.000000
0.000000 134.899 69 8000 300.000000
0.000000 136.846 70 8000 300.000000
0.000000 138.795 71 8000 300.000000
0.000000 140.741 72 8000 300.000000
0.000000 142.697 73 8000 300.000000
0.000000 144.644 74 8000 300.000000
0.000000 146.591 75 8000 300.000000
0.000000 148.558 76 8000 300.000000
0.000000 150.513 77 8000 300.000000
0.000000 152.474 78 8000 300.000000
0.000000 154.434 79 8000 300.000000
0.000000 156.380 80 8000 300.000000
0.000000 158.327 81 8000 300.000000
0.000000 160.274 82 8000 300.000000
0.000000 162.239 83 8000 300.000000
0.000000 164.195 84 8000 300.000000
0.000000 166.160 85 8000 300.000000
0.000000 168.115 86 8000 300.000000
0.000000 170.062 87 8000 300.000000
0.000000 172.007 88 8000 300.000000
0.000000 174.018 89 8000 300.000000
0.000000 175.975 90 8000 300.000000
0.000000 177.921 91 8000 300.000000
0.000000 179.866 92 8000 300.000000
0.000000 181.830 93 8000 300.000000
0.000000 183.788 94 8000 300.000000
0.000000 185.735 95 8000 300.000000
0.000000 187.712 96 8000 300.000000
0.000000 189.658 97 8000 300.000000
0.000000 191.716 98 8000 300.000000
0.000000 193.664 99 8000 300.000000
0.000000 195.626 100 8000 300.000000
