0.545824 1.977 1 8000 200.000000
0.521732 3.958 2 8000 400.000000
0.497640 5.949 3 8000 600.000000
0.491716 7.940 4 8000 800.000000
0.491716 9.919 5 8000 800.000000
0.491716 11.881 6 8000 800.000000
0.491716 13.871 7 8000 800.000000
0.486187 15.827 8 8000 1000.000000
0.469993 17.788 9 8000 1100.000000
0.468019 19.859 10 8000 1300.000000
0.467624 21.805 11 8000 1400.000000
0.467624 23.766 12 8000 1400.000000
0.467624 25.724 13 8000 1400.000000
0.467624 27.672 14 8000 1400.000000
0.467624 29.672 15 8000 1400.000000
0.467624 31.619 16 8000 1400.000000
0.467624 33.569 17 8000 1400.000000
0.467624 35.524 18 8000 1400.000000
0.467624 37.528 19 8000 1400.000000
0.467624 39.498 20 8000 1400.000000
0.467624 41.463 21 8000 1400.000000
0.467624 43.423 22 8000 1400.000000
0.467624 45.998 23 8000 1400.000000
0.467624 48.152 24 8000 1400.000000
0.467624 50.100 25 8000 1400.000000
0.467624 52.060 26 8000 1400.000000
0.467624 54.005 27 8000 1400.000000
0.467624 55.953 28 8000 1400.000000
0.467624 57.902 29 8000 1400.000000
0.467624 59.854 30 8000 1400.000000
0.467624 61.800 31 8000 1400.000000
0.467624 63.753 32 8000 1400.000000
0.467624 65.708 33 8000 1400.000000
0.467624 67.676 34 8000 1400.000000
0.467624 69.626 35 8000 1400.000000
0.467624 71.574 36 8000 1400.000000
0.467624 73.537 37 8000 1400.000000
0.467624 75.498 38 8000 1400.000000
0.467624 77.456 39 8000 1400.000000
0.467624 79.414 40 8000 1400.000000
0.467624 81.375 41 8000 1400.000000
0.467624 83.333 42 8000 1400.000000
0.467624 85.297 43 8000 1400.000000
0.467624 87.251 44 8000 1400.000000
0.467624 89.201 45 8000 1400.000000
0.467624 91.157 46 8000 1400.000000
0.467624 93.114 47 8000 1400.000000
0.467624 95.070 48 8000 1400.000000
0.467624 97.027 49 8000 1400.000000
0.467624 98.988 50 8000 1400.000000
0.467624 100.951 51 8000 1400.000000
0.467624 102.901 52 8000 1400.000000
0.467624 104.855 53 8000 1400.000000
0.467624 106.820 54 8000 1400.000000
0.465254 108.777 55 8000 1500.000000
0.465254 110.742 56 8000 1500.000000
0.465254 112.699 57 8000 1500.000000
0.465254 114.658 58 8000 1500.000000
0.465254 116.611 59 8000 1500.000000
0.465254 118.570 60 8000 1500.000000
0.465254 120.520 61 8000 1500.000000
0.465254 122.490 62 8000 1500.000000
0.465254 124.438 63 8000 1500.000000
0.465254 126.426 64 8000 1500.000000
0.465254 128.375 65 8000 1500.000000
0.465254 130.321 66 8000 1500.000000
0.465254 132.269 67 8000 1500.000000
0.465254 134.235 68 8000 1500.000000
0.465254 136.182 69 8000 1500.000000
0.465254 138.131 70 8000 1500.000000
0.465254 140.960 71 8000 1500.000000
0.465254 144.756 72 8000 1500.000000
0.465254 147.492 73 8000 1500.000000
0.465254 149.442 74 8000 1500.000000
0.465254 151.633 75 8000 1500.000000
0.465254 153.588 76 8000 1500.000000
0.465254 155.546 77 8000 1500.000000
0.465254 157.496 78 8000 1500.000000
0.465254 159.443 79 8000 1500.000000
0.465254 161.392 80 8000 1500.000000
0.465254 163.349 81 8000 1500.000000
0.465254 165.299 82 8000 1500.000000
0.465254 167.247 83 8000 1500.000000
0.465254 169.200 84 8000 1500.000000
0.465254 171.148 85 8000 1500.000000
0.465254 173.098 86 8000 1500.000000
0.465254 175.073 87 8000 1500.000000
0.465254 177.028 88 8000 1500.000000
0.465254 178.988 89 8000 1500.000000
0.465254 180.955 90 8000 1500.000000
0.465254 182.902 91 8000 1500.000000
0.465254 184.875 92 8000 1500.000000
0.465254 186.831 93 8000 1500.000000
0.465254 188.791 94 8000 1500.000000
0.465254 190.744 95 8000 1500.000000
0.465254 192.692 96 8000 1500.000000
0.465254 194.666 97 8000 1500.000000
0.465254 196.983 98 8000 1500.000000
0.465254 198.929 99 8000 1500.000000
0.465254 201.435 100 8000 1500.000000
