0.633821 0.240 1 4000 200.000000
0.633821 0.478 2 4000 200.000000
0.633821 0.716 3 4000 200.000000
0.633821 0.955 4 4000 200.000000
0.633821 1.193 5 4000 200.000000
0.516983 1.434 6 4000 300.000000
0.516983 1.672 7 4000 300.000000
0.516983 1.911 8 4000 300.000000
0.516983 2.149 9 4000 300.000000
0.516983 2.387 10 4000 300.000000
0.516983 2.625 11 4000 300.000000
0.516983 2.866 12 4000 300.000000
0.516983 3.105 13 4000 300.000000
0.516983 3.343 14 4000 300.000000
0.497297 3.583 15 4000 400.000000
0.497297 3.822 16 4000 400.000000
0.497297 4.061 17 4000 400.000000
0.432826 4.299 18 4000 500.000000
0.432826 4.537 19 4000 500.000000
0.432826 4.775 20 4000 500.000000
0.432826 5.013 21 4000 500.000000
0.432826 5.251 22 4000 500.000000
0.432826 5.492 23 4000 500.000000
0.432826 5.730 24 4000 500.000000
0.432826 5.968 25 4000 500.000000
0.432826 6.209 26 4000 500.000000
0.432826 6.447 27 4000 500.000000
0.432826 6.686 28 4000 500.000000
0.432826 6.925 29 4000 500.000000
0.432826 7.163 30 4000 500.000000
0.432826 7.402 31 4000 500.000000
0.432826 7.647 32 4000 500.000000
0.432826 7.913 33 4000 500.000000
0.432826 8.153 34 4000 500.000000
0.432826 8.391 35 4000 500.000000
0.432826 8.629 36 4000 500.000000
0.432826 8.867 37 4000 500.000000
0.432826 9.106 38 4000 500.000000
0.432826 9.344 39 4000 500.000000
0.432826 9.585 40 4000 500.000000
0.432826 9.823 41 4000 500.000000
0.432826 10.061 42 4000 500.000000
0.432826 10.300 43 4000 500.000000
0.432826 10.538 44 4000 500.000000
0.432826 10.779 45 4000 500.000000
0.432826 11.023 46 4000 500.000000
0.432826 11.261 47 4000 500.000000
0.432826 11.499 48 4000 500.000000
0.432826 11.769 49 4000 500.000000
0.432826 12.008 50 4000 500.000000
0.432826 12.249 51 4000 500.000000
0.432826 12.487 52 4000 500.000000
0.432826 12.726 53 4000 500.000000
0.432826 12.967 54 4000 500.000000
0.432826 13.205 55 4000 500.000000
0.432826 13.447 56 4000 500.000000
0.432826 13.684 57 4000 500.000000
0.432826 13.923 58 4000 500.000000
0.432826 14.161 59 4000 500.000000
0.432826 14.399 60 4000 500.000000
0.432826 14.637 61 4000 500.000000
0.432826 14.875 62 4000 500.000000
0.432826 15.112 63 4000 500.000000
0.432826 15.351 64 4000 500.000000
0.432826 15.592 65 4000 500.000000
0.432826 15.832 66 4000 500.000000
0.432826 16.072 67 4000 500.000000
0.432826 16.312 68 4000 500.000000
0.432826 16.550 69 4000 500.000000
0.432826 16.788 70 4000 500.000000
0.432826 17.028 71 4000 500.000000
0.432826 17.268 72 4000 500.000000
0.432826 17.511 73 4000 500.000000
0.432826 17.751 74 4000 500.000000
0.432826 17.989 75 4000 500.000000
0.432826 18.228 76 4000 500.000000
0.432826 18.466 77 4000 500.000000
0.432826 18.705 78 4000 500.000000
0.432826 18.944 79 4000 500.000000
0.432826 19.185 80 4000 500.000000
0.432826 19.423 81 4000 500.000000
0.432826 19.663 82 4000 500.000000
0.432826 19.902 83 4000 500.000000
0.432826 20.143 84 4000 500.000000
0.432826 20.381 85 4000 500.000000
0.432826 20.619 86 4000 500.000000
0.432826 20.858 87 4000 500.000000
0.432826 21.096 88 4000 500.000000
0.432826 21.334 89 4000 500.000000
0.432826 21.578 90 4000 500.000000
0.432826 21.815 91 4000 500.000000
0.432826 22.053 92 4000 500.000000
0.432826 22.294 93 4000 500.000000
0.432826 22.532 94 4000 500.000000
0.432826 22.770 95 4000 500.000000
0.432826 23.008 96 4000 500.000000
0.432826 23.246 97 4000 500.000000
0.432826 23.484 98 4000 500.000000
0.432826 23.722 99 4000 500.000000
0.432826 23.960 100 4000 500.000000
