0.522522 1.951 1 8000 100.000000
0.522522 3.901 2 8000 100.000000
0.522522 5.876 3 8000 100.000000
0.000000 7.826 4 8000 300.000000
0.000000 9.799 5 8000 300.000000
0.000000 11.759 6 8000 300.000000
0.000000 13.739 7 8000 300.000000
0.000000 15.686 8 8000 300.000000
0.000000 17.665 9 8000 300.000000
0.000000 19.626 10 8000 300.000000
0.000000 21.712 11 8000 300.000000
0.000000 23.663 12 8000 300.000000
0.000000 25.635 13 8000 300.000000
0.000000 27.603 14 8000 300.000000
0.000000 29.575 15 8000 300.000000
0.000000 31.548 16 8000 300.000000
0.000000 33.499 17 8000 300.000000
0.000000 35.448 18 8000 300.000000
0.000000 37.422 19 8000 300.000000
0.000000 39.368 20 8000 300.000000
0.000000 41.317 21 8000 300.000000
0.000000 43.264 22 8000 300.000000
0.000000 45.256 23 8000 300.000000
0.000000 47.210 24 8000 300.000000
0.000000 49.183 25 8000 300.000000
0.000000 51.128 26 8000 300.000000
0.000000 53.100 27 8000 300.000000
0.000000 55.057 28 8000 300.000000
0.000000 57.030 29 8000 300.000000
0.000000 58.977 30 8000 300.000000
0.000000 60.941 31 8000 300.000000
0.000000 62.905 32 8000 300.000000
0.000000 64.884 33 8000 300.000000
0.000000 66.830 34 8000 300.000000
0.000000 68.803 35 8000 300.000000
0.000000 70.752 36 8000 300.000000
0.000000 72.725 37 8000 300.000000
0.000000 74.674 38 8000 300.000000
0.000000 76.634 39 8000 300.000000
0.000000 78.613 40 8000 300.000000
0.000000 80.568 41 8000 300.000000
0.000000 82.515 42 8000 300.000000
0.000000 84.463 43 8000 300.000000
0.000000 86.436 44 8000 300.000000
0.000000 88.396 45 8000 300.000000
0.000000 90.369 46 8000 300.000000
0.000000 92.341 47 8000 300.000000
0.000000 94.305 48 8000 300.000000
0.000000 96.321 49 8000 300.000000
0.000000 98.295 50 8000 300.000000
0.000000 100.243 51 8000 300.000000
0.000000 102.282 52 8000 300.000000
0.000000 104.320 53 8000 300.000000
0.000000 106.294 54 8000 300.000000
0.000000 108.244 55 8000 300.000000
0.000000 110.218 56 8000 300.000000
0.000000 112.182 57 8000 300.000000
0.000000 114.170 58 8000 300.000000
0.000000 116.124 59 8000 300.000000
0.000000 118.098 60 8000 300.000000
0.000000 120.051 61 8000 300.000000
0.000000 122.010 62 8000 300.000000
0.000000 123.959 63 8000 300.000000
0.000000 125.934 64 8000 300.000000
0.000000 127.976 65 8000 300.000000
0.000000 129.952 66 8000 300.000000
0.000000 131.902 67 8000 300.000000
0.000000 133.975 68 8000 300.000000
0.000000 135.926 69 8000 300.000000
0.000000 137.902 70 8000 300.000000
0.000000 139.856 71 8000 300.000000
0.000000 141.802 72 8000 300.000000
0.000000 143.748 73 8000 300.000000
0.000000 145.740 74 8000 300.000000
0.000000 147.698 75 8000 300.000000
0.000000 149.675 76 8000 300.000000
0.000000 151.649 77 8000 300.000000
0.000000 153.724 78 8000 300.000000
0.000000 155.682 79 8000 300.000000
0.000000 157.629 80 8000 300.000000
0.000000 159.574 81 8000 300.000000
0.000000 161.528 82 8000 300.000000
0.000000 163.486 83 8000 300.000000
0.000000 165.432 84 8000 300.000000
0.000000 167.382 85 8000 300.000000
0.000000 169.458 86 8000 300.000000
0.000000 171.437 87 8000 300.000000
0.000000 173.383 88 8000 300.000000
0.000000 175.329 89 8000 300.000000
0.000000 177.275 90 8000 300.000000
0.000000 179.239 91 8000 300.000000
0.000000 181.198 92 8000 300.000000
0.000000 183.148 93 8000 300.000000
0.000000 185.105 94 8000 300.000000
0.000000 187.090 95 8000 300.000000
0.000000 189.074 96 8000 300.000000
0.000000 191.060 97 8000 300.000000
0.000000 193.044 98 8000 300.000000
0.000000 195.032 99 8000 300.000000
0.000000 196.999 100 8000 300.000000
