1.153098 0.257 1 4000 100.000000
0.874252 0.495 2 4000 200.000000
0.874252 0.734 3 4000 200.000000
0.874252 0.975 4 4000 200.000000
0.586742 1.217 5 4000 300.000000
0.586742 1.455 6 4000 300.000000
0.586742 1.694 7 4000 300.000000
0.586742 1.932 8 4000 300.000000
0.586742 2.170 9 4000 300.000000
0.586742 2.408 10 4000 300.000000
0.586742 2.646 11 4000 300.000000
0.586742 2.885 12 4000 300.000000
0.586742 3.125 13 4000 300.000000
0.477102 3.363 14 4000 400.000000
0.477102 3.602 15 4000 400.000000
0.477102 3.842 16 4000 400.000000
0.477102 4.080 17 4000 400.000000
0.477102 4.326 18 4000 400.000000
0.477102 4.564 19 4000 400.000000
0.477102 4.803 20 4000 400.000000
0.477102 5.041 21 4000 400.000000
0.477102 5.281 22 4000 400.000000
0.477102 5.519 23 4000 400.000000
0.477102 5.760 24 4000 400.000000
0.477102 5.999 25 4000 400.000000
0.477102 6.240 26 4000 400.000000
0.477102 6.480 27 4000 400.000000
0.477102 6.718 28 4000 400.000000
0.477102 6.956 29 4000 400.000000
0.477102 7.195 30 4000 400.000000
0.477102 7.433 31 4000 400.000000
0.477102 7.671 32 4000 400.000000
0.477102 7.909 33 4000 400.000000
0.477102 8.149 34 4000 400.000000
0.477102 8.388 35 4000 400.000000
0.477102 8.626 36 4000 400.000000
0.376955 8.864 37 4000 500.000000
0.376955 9.105 38 4000 500.000000
0.376955 9.343 39 4000 500.000000
0.376955 9.582 40 4000 500.000000
0.376955 9.820 41 4000 500.000000
0.376955 10.058 42 4000 500.000000
0.376955 10.298 43 4000 500.000000
0.376955 10.539 44 4000 500.000000
0.376955 10.778 45 4000 500.000000
0.376955 11.017 46 4000 500.000000
0.376955 11.255 47 4000 500.000000
0.376955 11.493 48 4000 500.000000
0.376955 11.731 49 4000 500.000000
0.376955 11.969 50 4000 500.000000
0.376955 12.209 51 4000 500.000000
0.376955 12.449 52 4000 500.000000
0.376955 12.687 53 4000 500.000000
0.376955 12.925 54 4000 500.000000
0.376955 13.165 55 4000 500.000000
0.376955 13.403 56 4000 500.000000
0.376955 13.641 57 4000 500.000000
0.376955 13.880 58 4000 500.000000
0.376955 14.117 59 4000 500.000000
0.376955 14.355 60 4000 500.000000
0.376955 14.594 61 4000 500.000000
0.376955 14.832 62 4000 500.000000
0.376955 15.073 63 4000 500.000000
0.376955 15.311 64 4000 500.000000
0.376955 15.553 65 4000 500.000000
0.376955 15.794 66 4000 500.000000
0.376955 16.031 67 4000 500.000000
0.376955 16.271 68 4000 500.000000
0.376955 16.509 69 4000 500.000000
0.376955 16.747 70 4000 500.000000
0.376955 16.985 71 4000 500.000000
0.376955 17.223 72 4000 500.000000
0.376955 17.461 73 4000 500.000000
0.376955 17.699 74 4000 500.000000
0.376955 17.937 75 4000 500.000000
0.376955 18.175 76 4000 500.000000
0.376955 18.416 77 4000 500.000000
0.376955 18.657 78 4000 500.000000
0.376955 18.895 79 4000 500.000000
0.376955 19.133 80 4000 500.000000
0.376955 19.371 81 4000 500.000000
0.376955 19.609 82 4000 500.000000
0.376955 19.850 83 4000 500.000000
0.376955 20.088 84 4000 500.000000
0.376955 20.328 85 4000 500.000000
0.376955 20.566 86 4000 500.000000
0.376955 20.805 87 4000 500.000000
0.376955 21.043 88 4000 500.000000
0.376955 21.281 89 4000 500.000000
0.337138 21.519 90 4000 600.000000
0.337138 21.757 91 4000 600.000000
0.337138 21.995 92 4000 600.000000
0.337138 22.233 93 4000 600.000000
0.337138 22.471 94 4000 600.000000
0.337138 22.709 95 4000 600.000000
0.337138 22.947 96 4000 600.000000
0.337138 23.201 97 4000 600.000000
0.337138 23.439 98 4000 600.000000
0.337138 23.678 99 4000 600.000000
0.337138 23.921 100 4000 600.000000
