0.943310 0.239 1 4000 100.000000
0.943310 0.478 2 4000 100.000000
0.589290 0.722 3 4000 200.000000
0.375298 0.960 4 4000 300.000000
0.375298 1.200 5 4000 300.000000
0.375298 1.438 6 4000 300.000000
0.375298 1.676 7 4000 300.000000
0.375298 1.915 8 4000 300.000000
0.375298 2.153 9 4000 300.000000
0.375298 2.391 10 4000 300.000000
0.375298 2.631 11 4000 300.000000
0.375298 2.869 12 4000 300.000000
0.375298 3.107 13 4000 300.000000
0.375298 3.345 14 4000 300.000000
0.375298 3.585 15 4000 300.000000
0.375298 3.824 16 4000 300.000000
0.375298 4.062 17 4000 300.000000
0.375298 4.300 18 4000 300.000000
0.375298 4.541 19 4000 300.000000
0.375298 4.785 20 4000 300.000000
0.375298 5.025 21 4000 300.000000
0.375298 5.264 22 4000 300.000000
0.375298 5.574 23 4000 300.000000
0.375298 5.812 24 4000 300.000000
0.375298 6.051 25 4000 300.000000
0.375298 6.289 26 4000 300.000000
0.375298 6.527 27 4000 300.000000
0.375298 6.766 28 4000 300.000000
0.375298 7.005 29 4000 300.000000
0.375298 7.243 30 4000 300.000000
0.375298 7.481 31 4000 300.000000
0.375298 7.720 32 4000 300.000000
0.375298 7.961 33 4000 300.000000
0.375298 8.199 34 4000 300.000000
0.375298 8.437 35 4000 300.000000
0.375298 8.680 36 4000 300.000000
0.375298 8.921 37 4000 300.000000
0.375298 9.161 38 4000 300.000000
0.375298 9.403 39 4000 300.000000
0.375298 9.643 40 4000 300.000000
0.375298 9.882 41 4000 300.000000
0.375298 10.120 42 4000 300.000000
0.375298 10.361 43 4000 300.000000
0.375298 10.602 44 4000 300.000000
0.375298 10.843 45 4000 300.000000
0.375298 11.081 46 4000 300.000000
0.375298 11.319 47 4000 300.000000
0.375298 11.557 48 4000 300.000000
0.375298 11.795 49 4000 300.000000
0.375298 12.034 50 4000 300.000000
0.375298 12.272 51 4000 300.000000
0.375298 12.510 52 4000 300.000000
0.375298 12.748 53 4000 300.000000
0.375298 12.990 54 4000 300.000000
0.375298 13.230 55 4000 300.000000
0.375298 13.469 56 4000 300.000000
0.375298 13.707 57 4000 300.000000
0.375298 13.949 58 4000 300.000000
0.375298 14.187 59 4000 300.000000
0.375298 14.425 60 4000 300.000000
0.375298 14.665 61 4000 300.000000
0.375298 14.903 62 4000 300.000000
0.375298 15.141 63 4000 300.000000
0.375298 15.379 64 4000 300.000000
0.375298 15.617 65 4000 300.000000
0.375298 15.855 66 4000 300.000000
0.375298 16.093 67 4000 300.000000
0.375298 16.331 68 4000 300.000000
0.375298 16.569 69 4000 300.000000
0.375298 16.812 70 4000 300.000000
0.375298 17.050 71 4000 300.000000
0.375298 17.291 72 4000 300.000000
0.375298 17.529 73 4000 300.000000
0.375298 17.767 74 4000 300.000000
0.375298 18.005 75 4000 300.000000
0.375298 18.246 76 4000 300.000000
0.375298 18.484 77 4000 300.000000
0.375298 18.724 78 4000 300.000000
0.375298 18.962 79 4000 300.000000
0.375298 19.202 80 4000 300.000000
0.375298 19.439 81 4000 300.000000
0.375298 19.678 82 4000 300.000000
0.375298 19.916 83 4000 300.000000
0.375298 20.154 84 4000 300.000000
0.375298 20.391 85 4000 300.000000
0.375298 20.629 86 4000 300.000000
0.375298 20.871 87 4000 300.000000
0.375298 21.111 88 4000 300.000000
0.375298 21.349 89 4000 300.000000
0.375298 21.587 90 4000 300.000000
0.375298 21.825 91 4000 300.000000
0.375298 22.064 92 4000 300.000000
0.375298 22.307 93 4000 300.000000
0.375298 22.545 94 4000 300.000000
0.375298 22.783 95 4000 300.000000
0.375298 23.021 96 4000 300.000000
0.375298 23.262 97 4000 300.000000
0.375298 23.501 98 4000 300.000000
0.375298 23.739 99 4000 300.000000
0.375298 23.980 100 4000 300.000000
