0.938150 0.240 1 4000 100.000000
0.888459 0.478 2 4000 200.000000
0.888459 0.716 3 4000 200.000000
0.888459 0.954 4 4000 200.000000
0.888459 1.208 5 4000 200.000000
0.772830 1.450 6 4000 300.000000
0.767351 1.688 7 4000 400.000000
0.767351 1.926 8 4000 400.000000
0.767351 2.164 9 4000 400.000000
0.767351 2.405 10 4000 400.000000
0.767351 2.643 11 4000 400.000000
0.767351 2.881 12 4000 400.000000
0.767351 3.119 13 4000 400.000000
0.767351 3.357 14 4000 400.000000
0.767351 3.595 15 4000 400.000000
0.767351 3.837 16 4000 400.000000
0.767351 4.076 17 4000 400.000000
0.767351 4.315 18 4000 400.000000
0.672683 4.553 19 4000 500.000000
0.672683 4.793 20 4000 500.000000
0.672683 5.032 21 4000 500.000000
0.672683 5.309 22 4000 500.000000
0.672683 5.549 23 4000 500.000000
0.672683 5.787 24 4000 500.000000
0.672683 6.027 25 4000 500.000000
0.672683 6.265 26 4000 500.000000
0.672683 6.504 27 4000 500.000000
0.672683 6.743 28 4000 500.000000
0.672683 6.981 29 4000 500.000000
0.672683 7.219 30 4000 500.000000
0.672683 7.457 31 4000 500.000000
0.672683 7.695 32 4000 500.000000
0.672683 7.936 33 4000 500.000000
0.672683 8.173 34 4000 500.000000
0.672683 8.415 35 4000 500.000000
0.672683 8.653 36 4000 500.000000
0.672683 8.891 37 4000 500.000000
0.672683 9.132 38 4000 500.000000
0.672683 9.372 39 4000 500.000000
0.672683 9.610 40 4000 500.000000
0.672683 9.848 41 4000 500.000000
0.672683 10.086 42 4000 500.000000
0.672683 10.325 43 4000 500.000000
0.672683 10.563 44 4000 500.000000
0.672683 10.801 45 4000 500.000000
0.672683 11.039 46 4000 500.000000
0.672683 11.277 47 4000 500.000000
0.672683 11.515 48 4000 500.000000
0.672683 11.757 49 4000 500.000000
0.672683 11.994 50 4000 500.000000
0.672683 12.232 51 4000 500.000000
0.672683 12.470 52 4000 500.000000
0.672683 12.708 53 4000 500.000000
0.672683 12.948 54 4000 500.000000
0.672683 13.188 55 4000 500.000000
0.672683 13.429 56 4000 500.000000
0.672683 13.668 57 4000 500.000000
0.672683 13.906 58 4000 500.000000
0.672683 14.144 59 4000 500.000000
0.672683 14.382 60 4000 500.000000
0.672683 14.620 61 4000 500.000000
0.532464 14.860 62 4000 600.000000
0.532464 15.097 63 4000 600.000000
0.515390 15.335 64 4000 700.000000
0.515390 15.573 65 4000 700.000000
0.515390 15.812 66 4000 700.000000
0.515390 16.050 67 4000 700.000000
0.515390 16.288 68 4000 700.000000
0.515390 16.526 69 4000 700.000000
0.515390 16.764 70 4000 700.000000
0.515390 17.003 71 4000 700.000000
0.515390 17.243 72 4000 700.000000
0.515390 17.483 73 4000 700.000000
0.515390 17.725 74 4000 700.000000
0.515390 17.963 75 4000 700.000000
0.515390 18.201 76 4000 700.000000
0.515390 18.441 77 4000 700.000000
0.515390 18.680 78 4000 700.000000
0.515390 18.918 79 4000 700.000000
0.515390 19.156 80 4000 700.000000
0.515390 19.393 81 4000 700.000000
0.515390 19.631 82 4000 700.000000
0.515390 19.869 83 4000 700.000000
0.515390 20.107 84 4000 700.000000
0.317006 20.346 85 4000 800.000000
0.317006 20.584 86 4000 800.000000
0.317006 20.822 87 4000 800.000000
0.317006 21.063 88 4000 800.000000
0.317006 21.346 89 4000 800.000000
0.317006 21.586 90 4000 800.000000
0.317006 21.824 91 4000 800.000000
0.317006 22.062 92 4000 800.000000
0.317006 22.299 93 4000 800.000000
0.317006 22.540 94 4000 800.000000
0.317006 22.778 95 4000 800.000000
0.317006 23.018 96 4000 800.000000
0.317006 23.256 97 4000 800.000000
0.317006 23.494 98 4000 800.000000
0.317006 23.732 99 4000 800.000000
0.317006 23.970 100 4000 800.000000
