0.519757 1.951 1 8000 400.000000
0.511858 3.901 2 8000 600.000000
0.502380 5.850 3 8000 800.000000
0.502380 7.800 4 8000 800.000000
0.501590 9.768 5 8000 900.000000
0.494481 11.843 6 8000 1100.000000
0.484607 13.797 7 8000 1200.000000
0.000000 15.751 8 8000 1300.000000
0.000000 17.783 9 8000 1300.000000
0.000000 19.741 10 8000 1300.000000
0.000000 21.697 11 8000 1300.000000
0.000000 23.641 12 8000 1300.000000
0.000000 25.611 13 8000 1300.000000
0.000000 27.577 14 8000 1300.000000
0.000000 29.523 15 8000 1300.000000
0.000000 31.589 16 8000 1300.000000
0.000000 33.543 17 8000 1300.000000
0.000000 35.493 18 8000 1300.000000
0.000000 37.439 19 8000 1300.000000
0.000000 39.391 20 8000 1300.000000
0.000000 41.338 21 8000 1300.000000
0.000000 43.302 22 8000 1300.000000
0.000000 45.260 23 8000 1300.000000
0.000000 47.209 24 8000 1300.000000
0.000000 49.221 25 8000 1300.000000
0.000000 51.179 26 8000 1300.000000
0.000000 53.138 27 8000 1300.000000
0.000000 55.086 28 8000 1300.000000
0.000000 57.053 29 8000 1300.000000
0.000000 59.017 30 8000 1300.000000
0.000000 60.975 31 8000 1300.000000
0.000000 63.114 32 8000 1300.000000
0.000000 65.061 33 8000 1300.000000
0.000000 67.008 34 8000 1300.000000
0.000000 68.954 35 8000 1300.000000
0.000000 70.901 36 8000 1300.000000
0.000000 72.971 37 8000 1300.000000
0.000000 74.917 38 8000 1300.000000
0.000000 76.887 39 8000 1300.000000
0.000000 78.845 40 8000 1300.000000
0.000000 80.792 41 8000 1300.000000
0.000000 82.739 42 8000 1300.000000
0.000000 84.768 43 8000 1300.000000
0.000000 86.726 44 8000 1300.000000
0.000000 88.674 45 8000 1300.000000
0.000000 90.620 46 8000 1300.000000
0.000000 92.599 47 8000 1300.000000
0.000000 94.556 48 8000 1300.000000
0.000000 96.625 49 8000 1300.000000
0.000000 98.635 50 8000 1300.000000
0.000000 100.581 51 8000 1300.000000
0.000000 102.527 52 8000 1300.000000
0.000000 104.472 53 8000 1300.000000
0.000000 106.419 54 8000 1300.000000
0.000000 108.393 55 8000 1300.000000
0.000000 110.354 56 8000 1300.000000
0.000000 112.421 57 8000 1300.000000
0.000000 114.369 58 8000 1300.000000
0.000000 116.437 59 8000 1300.000000
0.000000 118.404 60 8000 1300.000000
0.000000 120.365 61 8000 1300.000000
0.000000 122.312 62 8000 1300.000000
0.000000 124.259 63 8000 1300.000000
0.000000 126.207 64 8000 1300.000000
0.000000 128.165 65 8000 1300.000000
0.000000 130.113 66 8000 1300.000000
0.000000 132.062 67 8000 1300.000000
0.000000 134.008 68 8000 1300.000000
0.000000 135.953 69 8000 1300.000000
0.000000 137.900 70 8000 1300.000000
0.000000 139.845 71 8000 1300.000000
0.000000 141.793 72 8000 1300.000000
0.000000 143.745 73 8000 1300.000000
0.000000 145.702 74 8000 1300.000000
0.000000 147.648 75 8000 1300.000000
0.000000 149.596 76 8000 1300.000000
0.000000 151.555 77 8000 1300.000000
0.000000 153.516 78 8000 1300.000000
0.000000 155.464 79 8000 1300.000000
0.000000 157.412 80 8000 1300.000000
0.000000 159.358 81 8000 1300.000000
0.000000 161.419 82 8000 1300.000000
0.000000 163.558 83 8000 1300.000000
0.000000 165.660 84 8000 1300.000000
0.000000 167.778 85 8000 1300.000000
0.000000 169.886 86 8000 1300.000000
0.000000 171.991 87 8000 1300.000000
0.000000 174.098 88 8000 1300.000000
0.000000 176.210 89 8000 1300.000000
0.000000 178.354 90 8000 1300.000000
0.000000 180.310 91 8000 1300.000000
0.000000 182.309 92 8000 1300.000000
0.000000 184.310 93 8000 1300.000000
0.000000 186.302 94 8000 1300.000000
0.000000 188.426 95 8000 1300.000000
0.000000 190.379 96 8000 1300.000000
0.000000 192.418 97 8000 1300.000000
0.000000 194.377 98 8000 1300.000000
0.000000 196.378 99 8000 1300.000000
0.000000 198.326 100 8000 1300.000000
