0.791050 0.241 1 4000 100.000000
0.791050 0.480 2 4000 100.000000
0.791050 0.718 3 4000 100.000000
0.740467 0.957 4 4000 200.000000
0.740467 1.195 5 4000 200.000000
0.740467 1.434 6 4000 200.000000
0.740467 1.676 7 4000 200.000000
0.740467 1.914 8 4000 200.000000
0.740467 2.152 9 4000 200.000000
0.740467 2.390 10 4000 200.000000
0.740467 2.629 11 4000 200.000000
0.740467 2.867 12 4000 200.000000
0.740467 3.106 13 4000 200.000000
0.740467 3.344 14 4000 200.000000
0.740467 3.582 15 4000 200.000000
0.708805 3.821 16 4000 300.000000
0.708805 4.059 17 4000 300.000000
0.708805 4.299 18 4000 300.000000
0.708805 4.537 19 4000 300.000000
0.708805 4.778 20 4000 300.000000
0.708805 5.018 21 4000 300.000000
0.708805 5.256 22 4000 300.000000
0.708805 5.495 23 4000 300.000000
0.546925 5.733 24 4000 400.000000
0.546925 5.971 25 4000 400.000000
0.546925 6.212 26 4000 400.000000
0.546925 6.451 27 4000 400.000000
0.546925 6.689 28 4000 400.000000
0.546925 6.929 29 4000 400.000000
0.546925 7.167 30 4000 400.000000
0.546925 7.405 31 4000 400.000000
0.546925 7.643 32 4000 400.000000
0.546925 7.881 33 4000 400.000000
0.546925 8.119 34 4000 400.000000
0.546925 8.359 35 4000 400.000000
0.546925 8.598 36 4000 400.000000
0.546925 8.836 37 4000 400.000000
0.546925 9.074 38 4000 400.000000
0.546925 9.312 39 4000 400.000000
0.546925 9.553 40 4000 400.000000
0.546925 9.792 41 4000 400.000000
0.546925 10.030 42 4000 400.000000
0.546925 10.269 43 4000 400.000000
0.546925 10.512 44 4000 400.000000
0.546925 10.750 45 4000 400.000000
0.546925 10.991 46 4000 400.000000
0.546925 11.229 47 4000 400.000000
0.546925 11.468 48 4000 400.000000
0.546925 11.706 49 4000 400.000000
0.546925 11.944 50 4000 400.000000
0.546925 12.182 51 4000 400.000000
0.546925 12.422 52 4000 400.000000
0.480160 12.660 53 4000 500.000000
0.384663 12.898 54 4000 600.000000
0.384663 13.136 55 4000 600.000000
0.384663 13.374 56 4000 600.000000
0.384663 13.614 57 4000 600.000000
0.384663 13.852 58 4000 600.000000
0.384663 14.089 59 4000 600.000000
0.384663 14.327 60 4000 600.000000
0.384663 14.565 61 4000 600.000000
0.384663 14.805 62 4000 600.000000
0.384663 15.043 63 4000 600.000000
0.384663 15.281 64 4000 600.000000
0.384663 15.522 65 4000 600.000000
0.384663 15.761 66 4000 600.000000
0.384663 15.999 67 4000 600.000000
0.384663 16.239 68 4000 600.000000
0.384663 16.479 69 4000 600.000000
0.384663 16.718 70 4000 600.000000
0.384663 16.955 71 4000 600.000000
0.384663 17.193 72 4000 600.000000
0.384663 17.431 73 4000 600.000000
0.384663 17.669 74 4000 600.000000
0.384663 17.907 75 4000 600.000000
0.384663 18.145 76 4000 600.000000
0.384663 18.383 77 4000 600.000000
0.384663 18.621 78 4000 600.000000
0.384663 18.862 79 4000 600.000000
0.384663 19.100 80 4000 600.000000
0.384663 19.338 81 4000 600.000000
0.384663 19.576 82 4000 600.000000
0.384663 19.814 83 4000 600.000000
0.384663 20.053 84 4000 600.000000
0.384663 20.294 85 4000 600.000000
0.384663 20.534 86 4000 600.000000
0.384663 20.772 87 4000 600.000000
0.384663 21.010 88 4000 600.000000
0.384663 21.249 89 4000 600.000000
0.384663 21.487 90 4000 600.000000
0.384663 21.725 91 4000 600.000000
0.384663 21.963 92 4000 600.000000
0.384663 22.201 93 4000 600.000000
0.384663 22.438 94 4000 600.000000
0.384663 22.676 95 4000 600.000000
0.384663 22.916 96 4000 600.000000
0.384663 23.154 97 4000 600.000000
0.384663 23.392 98 4000 600.000000
0.384663 23.645 99 4000 600.000000
0.384663 23.937 100 4000 600.000000
