0.746201 0.239 1 4000 300.000000
0.746201 0.478 2 4000 300.000000
0.746201 0.716 3 4000 300.000000
0.507618 0.954 4 4000 500.000000
0.507618 1.225 5 4000 500.000000
0.459710 1.463 6 4000 600.000000
0.459710 1.701 7 4000 600.000000
0.459710 1.942 8 4000 600.000000
0.459710 2.185 9 4000 600.000000
0.459710 2.424 10 4000 600.000000
0.459710 2.662 11 4000 600.000000
0.459710 2.904 12 4000 600.000000
0.459710 3.155 13 4000 600.000000
0.459710 3.392 14 4000 600.000000
0.459710 3.631 15 4000 600.000000
0.459710 3.869 16 4000 600.000000
0.459710 4.106 17 4000 600.000000
0.459710 4.345 18 4000 600.000000
0.459710 4.586 19 4000 600.000000
0.459710 4.825 20 4000 600.000000
0.459710 5.068 21 4000 600.000000
0.459710 5.307 22 4000 600.000000
0.459710 5.545 23 4000 600.000000
0.459710 5.783 24 4000 600.000000
0.459710 6.023 25 4000 600.000000
0.459710 6.265 26 4000 600.000000
0.459710 6.506 27 4000 600.000000
0.459710 6.744 28 4000 600.000000
0.459710 6.988 29 4000 600.000000
0.459710 7.227 30 4000 600.000000
0.459710 7.466 31 4000 600.000000
0.459710 7.703 32 4000 600.000000
0.074282 7.942 33 4000 700.000000
0.074282 8.180 34 4000 700.000000
0.074282 8.418 35 4000 700.000000
0.074282 8.658 36 4000 700.000000
0.074282 8.896 37 4000 700.000000
0.074282 9.139 38 4000 700.000000
0.074282 9.377 39 4000 700.000000
0.074282 9.615 40 4000 700.000000
0.074282 9.854 41 4000 700.000000
0.074282 10.092 42 4000 700.000000
0.074282 10.333 43 4000 700.000000
0.074282 10.574 44 4000 700.000000
0.074282 10.812 45 4000 700.000000
0.074282 11.051 46 4000 700.000000
0.074282 11.291 47 4000 700.000000
0.074282 11.532 48 4000 700.000000
0.074282 11.770 49 4000 700.000000
0.074282 12.009 50 4000 700.000000
0.074282 12.270 51 4000 700.000000
0.074282 12.510 52 4000 700.000000
0.074282 12.748 53 4000 700.000000
0.074282 12.987 54 4000 700.000000
0.074282 13.253 55 4000 700.000000
0.074282 13.491 56 4000 700.000000
0.074282 13.729 57 4000 700.000000
0.074282 13.970 58 4000 700.000000
0.074282 14.211 59 4000 700.000000
0.074282 14.452 60 4000 700.000000
0.074282 14.690 61 4000 700.000000
0.074282 14.928 62 4000 700.000000
0.074282 15.166 63 4000 700.000000
0.074282 15.407 64 4000 700.000000
0.074282 15.645 65 4000 700.000000
0.074282 15.886 66 4000 700.000000
0.074282 16.124 67 4000 700.000000
0.074282 16.362 68 4000 700.000000
0.074282 16.600 69 4000 700.000000
0.074282 16.839 70 4000 700.000000
0.074282 17.077 71 4000 700.000000
0.074282 17.315 72 4000 700.000000
0.074282 17.553 73 4000 700.000000
0.074282 17.790 74 4000 700.000000
0.074282 18.029 75 4000 700.000000
0.074282 18.269 76 4000 700.000000
0.074282 18.507 77 4000 700.000000
0.074282 18.745 78 4000 700.000000
0.074282 18.990 79 4000 700.000000
0.074282 19.231 80 4000 700.000000
0.074282 19.469 81 4000 700.000000
0.074282 19.707 82 4000 700.000000
0.074282 19.947 83 4000 700.000000
0.074282 20.185 84 4000 700.000000
0.074282 20.423 85 4000 700.000000
0.074282 20.664 86 4000 700.000000
0.074282 20.905 87 4000 700.000000
0.074282 21.143 88 4000 700.000000
0.074282 21.381 89 4000 700.000000
0.074282 21.619 90 4000 700.000000
0.074282 21.857 91 4000 700.000000
0.074282 22.096 92 4000 700.000000
0.074282 22.337 93 4000 700.000000
0.074282 22.575 94 4000 700.000000
0.074282 22.813 95 4000 700.000000
0.074282 23.059 96 4000 700.000000
0.074282 23.315 97 4000 700.000000
0.074282 23.553 98 4000 700.000000
0.074282 23.791 99 4000 700.000000
0.074282 24.030 100 4000 700.000000
