0.524497 1.950 1 8000 100.000000
0.510279 3.903 2 8000 200.000000
0.509094 5.862 3 8000 300.000000
0.509094 7.823 4 8000 300.000000
0.000000 9.786 5 8000 400.000000
0.000000 11.742 6 8000 400.000000
0.000000 13.691 7 8000 400.000000
0.000000 15.649 8 8000 400.000000
0.000000 17.663 9 8000 400.000000
0.000000 19.611 10 8000 400.000000
0.000000 21.558 11 8000 400.000000
0.000000 23.516 12 8000 400.000000
0.000000 25.586 13 8000 400.000000
0.000000 27.534 14 8000 400.000000
0.000000 29.605 15 8000 400.000000
0.000000 31.553 16 8000 400.000000
0.000000 33.554 17 8000 400.000000
0.000000 35.502 18 8000 400.000000
0.000000 37.574 19 8000 400.000000
0.000000 39.549 20 8000 400.000000
0.000000 41.506 21 8000 400.000000
0.000000 43.471 22 8000 400.000000
0.000000 45.433 23 8000 400.000000
0.000000 47.381 24 8000 400.000000
0.000000 49.340 25 8000 400.000000
0.000000 51.291 26 8000 400.000000
0.000000 53.308 27 8000 400.000000
0.000000 55.254 28 8000 400.000000
0.000000 57.255 29 8000 400.000000
0.000000 59.205 30 8000 400.000000
0.000000 61.150 31 8000 400.000000
0.000000 63.098 32 8000 400.000000
0.000000 65.044 33 8000 400.000000
0.000000 66.993 34 8000 400.000000
0.000000 68.938 35 8000 400.000000
0.000000 70.888 36 8000 400.000000
0.000000 72.880 37 8000 400.000000
0.000000 74.906 38 8000 400.000000
0.000000 76.869 39 8000 400.000000
0.000000 78.827 40 8000 400.000000
0.000000 80.773 41 8000 400.000000
0.000000 82.732 42 8000 400.000000
0.000000 84.682 43 8000 400.000000
0.000000 86.627 44 8000 400.000000
0.000000 88.575 45 8000 400.000000
0.000000 90.535 46 8000 400.000000
0.000000 92.488 47 8000 400.000000
0.000000 94.450 48 8000 400.000000
0.000000 96.468 49 8000 400.000000
0.000000 98.541 50 8000 400.000000
0.000000 100.489 51 8000 400.000000
0.000000 102.434 52 8000 400.000000
0.000000 104.470 53 8000 400.000000
0.000000 106.417 54 8000 400.000000
0.000000 108.374 55 8000 400.000000
0.000000 110.337 56 8000 400.000000
0.000000 112.296 57 8000 400.000000
0.000000 114.241 58 8000 400.000000
0.000000 116.205 59 8000 400.000000
0.000000 118.158 60 8000 400.000000
0.000000 120.106 61 8000 400.000000
0.000000 122.050 62 8000 400.000000
0.000000 124.012 63 8000 400.000000
0.000000 125.958 64 8000 400.000000
0.000000 127.904 65 8000 400.000000
0.000000 129.850 66 8000 400.000000
0.000000 131.802 67 8000 400.000000
0.000000 133.748 68 8000 400.000000
0.000000 135.698 69 8000 400.000000
0.000000 137.645 70 8000 400.000000
0.000000 139.592 71 8000 400.000000
0.000000 141.551 72 8000 400.000000
0.000000 143.513 73 8000 400.000000
0.000000 145.471 74 8000 400.000000
0.000000 147.420 75 8000 400.000000
0.000000 149.383 76 8000 400.000000
0.000000 151.339 77 8000 400.000000
0.000000 153.283 78 8000 400.000000
0.000000 155.230 79 8000 400.000000
0.000000 157.189 80 8000 400.000000
0.000000 159.153 81 8000 400.000000
0.000000 161.101 82 8000 400.000000
0.000000 163.048 83 8000 400.000000
0.000000 165.036 84 8000 400.000000
0.000000 166.980 85 8000 400.000000
0.000000 168.928 86 8000 400.000000
0.000000 170.875 87 8000 400.000000
0.000000 172.822 88 8000 400.000000
0.000000 174.782 89 8000 400.000000
0.000000 176.737 90 8000 400.000000
0.000000 178.693 91 8000 400.000000
0.000000 180.647 92 8000 400.000000
0.000000 182.608 93 8000 400.000000
0.000000 184.565 94 8000 400.000000
0.000000 186.511 95 8000 400.000000
0.000000 188.533 96 8000 400.000000
0.000000 190.492 97 8000 400.000000
0.000000 192.439 98 8000 400.000000
0.000000 194.390 99 8000 400.000000
0.000000 196.381 100 8000 400.000000
