1.085058 0.240 1 4000 200.000000
0.826535 0.478 2 4000 300.000000
0.826535 0.719 3 4000 300.000000
0.826535 0.959 4 4000 300.000000
0.826535 1.197 5 4000 300.000000
0.826535 1.438 6 4000 300.000000
0.826535 1.676 7 4000 300.000000
0.826535 1.914 8 4000 300.000000
0.826535 2.153 9 4000 300.000000
0.826535 2.391 10 4000 300.000000
0.826535 2.632 11 4000 300.000000
0.826535 2.870 12 4000 300.000000
0.826535 3.108 13 4000 300.000000
0.826535 3.349 14 4000 300.000000
0.759324 3.587 15 4000 400.000000
0.759324 3.826 16 4000 400.000000
0.730592 4.064 17 4000 500.000000
0.507554 4.303 18 4000 600.000000
0.445249 4.541 19 4000 700.000000
0.445249 4.779 20 4000 700.000000
0.445249 5.017 21 4000 700.000000
0.445249 5.257 22 4000 700.000000
0.445249 5.496 23 4000 700.000000
0.445249 5.734 24 4000 700.000000
0.445249 5.974 25 4000 700.000000
0.445249 6.213 26 4000 700.000000
0.445249 6.451 27 4000 700.000000
0.445249 6.691 28 4000 700.000000
0.445249 6.930 29 4000 700.000000
0.445249 7.182 30 4000 700.000000
0.445249 7.436 31 4000 700.000000
0.445249 7.674 32 4000 700.000000
0.445249 7.913 33 4000 700.000000
0.445249 8.174 34 4000 700.000000
0.445249 8.413 35 4000 700.000000
0.445249 8.657 36 4000 700.000000
0.445249 8.895 37 4000 700.000000
0.445249 9.134 38 4000 700.000000
0.445249 9.403 39 4000 700.000000
0.445249 9.641 40 4000 700.000000
0.445249 9.879 41 4000 700.000000
0.445249 10.120 42 4000 700.000000
0.445249 10.358 43 4000 700.000000
0.445249 10.596 44 4000 700.000000
0.445249 10.834 45 4000 700.000000
0.445249 11.073 46 4000 700.000000
0.445249 11.311 47 4000 700.000000
0.445249 11.549 48 4000 700.000000
0.445249 11.787 49 4000 700.000000
0.445249 12.039 50 4000 700.000000
0.445249 12.288 51 4000 700.000000
0.445249 12.526 52 4000 700.000000
0.445249 12.766 53 4000 700.000000
0.445249 13.004 54 4000 700.000000
0.445249 13.242 55 4000 700.000000
0.445249 13.482 56 4000 700.000000
0.385364 13.724 57 4000 800.000000
0.385364 13.965 58 4000 800.000000
0.385364 14.203 59 4000 800.000000
0.385364 14.440 60 4000 800.000000
0.385364 14.679 61 4000 800.000000
0.385364 14.917 62 4000 800.000000
0.385364 15.155 63 4000 800.000000
0.385364 15.395 64 4000 800.000000
0.385364 15.633 65 4000 800.000000
0.385364 15.871 66 4000 800.000000
0.385364 16.110 67 4000 800.000000
0.385364 16.347 68 4000 800.000000
0.385364 16.586 69 4000 800.000000
0.385364 16.827 70 4000 800.000000
0.385364 17.065 71 4000 800.000000
0.385364 17.305 72 4000 800.000000
0.385364 17.543 73 4000 800.000000
0.385364 17.781 74 4000 800.000000
0.385364 18.022 75 4000 800.000000
0.385364 18.260 76 4000 800.000000
0.385364 18.497 77 4000 800.000000
0.385364 18.735 78 4000 800.000000
0.385364 18.973 79 4000 800.000000
0.385364 19.211 80 4000 800.000000
0.385364 19.451 81 4000 800.000000
0.385364 19.689 82 4000 800.000000
0.385364 19.927 83 4000 800.000000
0.385364 20.165 84 4000 800.000000
0.385364 20.403 85 4000 800.000000
0.385364 20.641 86 4000 800.000000
0.385364 20.879 87 4000 800.000000
0.385364 21.117 88 4000 800.000000
0.385364 21.358 89 4000 800.000000
0.385364 21.596 90 4000 800.000000
0.385364 21.835 91 4000 800.000000
0.385364 22.075 92 4000 800.000000
0.385364 22.313 93 4000 800.000000
0.385364 22.551 94 4000 800.000000
0.385364 22.789 95 4000 800.000000
0.385364 23.029 96 4000 800.000000
0.385364 23.267 97 4000 800.000000
0.385364 23.505 98 4000 800.000000
0.385364 23.743 99 4000 800.000000
0.385364 23.981 100 4000 800.000000
