1.200942 0.240 1 4000 100.000000
0.933053 0.478 2 4000 200.000000
0.933053 0.719 3 4000 200.000000
0.933053 0.957 4 4000 200.000000
0.727025 1.195 5 4000 300.000000
0.727025 1.434 6 4000 300.000000
0.727025 1.672 7 4000 300.000000
0.727025 1.914 8 4000 300.000000
0.727025 2.155 9 4000 300.000000
0.727025 2.392 10 4000 300.000000
0.727025 2.633 11 4000 300.000000
0.727025 2.871 12 4000 300.000000
0.727025 3.110 13 4000 300.000000
0.727025 3.348 14 4000 300.000000
0.727025 3.586 15 4000 300.000000
0.727025 3.825 16 4000 300.000000
0.727025 4.064 17 4000 300.000000
0.690075 4.302 18 4000 400.000000
0.564126 4.540 19 4000 500.000000
0.564126 4.778 20 4000 500.000000
0.564126 5.017 21 4000 500.000000
0.564126 5.255 22 4000 500.000000
0.564126 5.493 23 4000 500.000000
0.564126 5.731 24 4000 500.000000
0.564126 5.972 25 4000 500.000000
0.564126 6.210 26 4000 500.000000
0.564126 6.448 27 4000 500.000000
0.564126 6.693 28 4000 500.000000
0.564126 6.931 29 4000 500.000000
0.564126 7.172 30 4000 500.000000
0.564126 7.413 31 4000 500.000000
0.564126 7.652 32 4000 500.000000
0.564126 7.890 33 4000 500.000000
0.564126 8.128 34 4000 500.000000
0.564126 8.366 35 4000 500.000000
0.564126 8.604 36 4000 500.000000
0.564126 8.842 37 4000 500.000000
0.564126 9.081 38 4000 500.000000
0.540045 9.319 39 4000 600.000000
0.540045 9.557 40 4000 600.000000
0.540045 9.797 41 4000 600.000000
0.540045 10.038 42 4000 600.000000
0.540045 10.277 43 4000 600.000000
0.540045 10.515 44 4000 600.000000
0.540045 10.753 45 4000 600.000000
0.540045 10.991 46 4000 600.000000
0.540045 11.229 47 4000 600.000000
0.540045 11.469 48 4000 600.000000
0.540045 11.707 49 4000 600.000000
0.540045 11.948 50 4000 600.000000
0.540045 12.186 51 4000 600.000000
0.540045 12.425 52 4000 600.000000
0.540045 12.663 53 4000 600.000000
0.540045 12.901 54 4000 600.000000
0.540045 13.139 55 4000 600.000000
0.540045 13.377 56 4000 600.000000
0.540045 13.614 57 4000 600.000000
0.540045 13.855 58 4000 600.000000
0.540045 14.093 59 4000 600.000000
0.540045 14.331 60 4000 600.000000
0.540045 14.569 61 4000 600.000000
0.540045 14.807 62 4000 600.000000
0.540045 15.045 63 4000 600.000000
0.540045 15.284 64 4000 600.000000
0.540045 15.522 65 4000 600.000000
0.540045 15.760 66 4000 600.000000
0.260880 16.001 67 4000 700.000000
0.260880 16.238 68 4000 700.000000
0.260880 16.481 69 4000 700.000000
0.260880 16.721 70 4000 700.000000
0.260880 16.959 71 4000 700.000000
0.260880 17.197 72 4000 700.000000
0.260880 17.435 73 4000 700.000000
0.260880 17.674 74 4000 700.000000
0.260880 17.915 75 4000 700.000000
0.260880 18.153 76 4000 700.000000
0.260880 18.391 77 4000 700.000000
0.260880 18.628 78 4000 700.000000
0.074282 18.866 79 4000 800.000000
0.074282 19.104 80 4000 800.000000
0.074282 19.346 81 4000 800.000000
0.074282 19.584 82 4000 800.000000
0.074282 19.823 83 4000 800.000000
0.074282 20.064 84 4000 800.000000
0.074282 20.302 85 4000 800.000000
0.074282 20.541 86 4000 800.000000
0.074282 20.780 87 4000 800.000000
0.074282 21.018 88 4000 800.000000
0.074282 21.259 89 4000 800.000000
0.074282 21.497 90 4000 800.000000
0.074282 21.736 91 4000 800.000000
0.074282 21.977 92 4000 800.000000
0.074282 22.215 93 4000 800.000000
0.074282 22.453 94 4000 800.000000
0.074282 22.691 95 4000 800.000000
0.074282 22.929 96 4000 800.000000
0.074282 23.167 97 4000 800.000000
0.074282 23.405 98 4000 800.000000
0.074282 23.645 99 4000 800.000000
0.074282 23.883 100 4000 800.000000
