1.274905 0.240 1 4000 300.000000
1.274905 0.478 2 4000 300.000000
0.883999 0.722 3 4000 500.000000
0.883999 0.962 4 4000 500.000000
0.883999 1.200 5 4000 500.000000
0.607956 1.438 6 4000 600.000000
0.607956 1.681 7 4000 600.000000
0.546925 1.923 8 4000 700.000000
0.546925 2.164 9 4000 700.000000
0.546925 2.402 10 4000 700.000000
0.546925 2.641 11 4000 700.000000
0.546925 2.881 12 4000 700.000000
0.546925 3.119 13 4000 700.000000
0.546925 3.358 14 4000 700.000000
0.546925 3.599 15 4000 700.000000
0.546925 3.837 16 4000 700.000000
0.546925 4.082 17 4000 700.000000
0.546925 4.323 18 4000 700.000000
0.546925 4.567 19 4000 700.000000
0.546925 4.807 20 4000 700.000000
0.546925 5.048 21 4000 700.000000
0.546925 5.286 22 4000 700.000000
0.546925 5.525 23 4000 700.000000
0.546925 5.777 24 4000 700.000000
0.546925 6.015 25 4000 700.000000
0.546925 6.257 26 4000 700.000000
0.546925 6.495 27 4000 700.000000
0.546925 6.734 28 4000 700.000000
0.546925 6.974 29 4000 700.000000
0.546925 7.212 30 4000 700.000000
0.546925 7.450 31 4000 700.000000
0.546925 7.688 32 4000 700.000000
0.546925 7.927 33 4000 700.000000
0.546925 8.167 34 4000 700.000000
0.546925 8.407 35 4000 700.000000
0.546925 8.651 36 4000 700.000000
0.546925 8.892 37 4000 700.000000
0.546925 9.132 38 4000 700.000000
0.546925 9.372 39 4000 700.000000
0.546925 9.609 40 4000 700.000000
0.546925 9.848 41 4000 700.000000
0.546925 10.088 42 4000 700.000000
0.546925 10.328 43 4000 700.000000
0.546925 10.566 44 4000 700.000000
0.546925 10.806 45 4000 700.000000
0.546925 11.044 46 4000 700.000000
0.546925 11.282 47 4000 700.000000
0.546925 11.523 48 4000 700.000000
0.546925 11.761 49 4000 700.000000
0.546925 11.999 50 4000 700.000000
0.506917 12.238 51 4000 800.000000
0.474426 12.476 52 4000 900.000000
0.474426 12.719 53 4000 900.000000
0.474426 12.961 54 4000 900.000000
0.474426 13.204 55 4000 900.000000
0.474426 13.442 56 4000 900.000000
0.474426 13.683 57 4000 900.000000
0.474426 13.921 58 4000 900.000000
0.474426 14.159 59 4000 900.000000
0.474426 14.397 60 4000 900.000000
0.474426 14.635 61 4000 900.000000
0.474426 14.873 62 4000 900.000000
0.474426 15.110 63 4000 900.000000
0.474426 15.348 64 4000 900.000000
0.474426 15.589 65 4000 900.000000
0.474426 15.827 66 4000 900.000000
0.474426 16.065 67 4000 900.000000
0.474426 16.304 68 4000 900.000000
0.474426 16.542 69 4000 900.000000
0.474426 16.780 70 4000 900.000000
0.474426 17.020 71 4000 900.000000
0.474426 17.263 72 4000 900.000000
0.474426 17.504 73 4000 900.000000
0.474426 17.743 74 4000 900.000000
0.474426 17.981 75 4000 900.000000
0.474426 18.220 76 4000 900.000000
0.474426 18.458 77 4000 900.000000
0.474426 18.696 78 4000 900.000000
0.474426 18.934 79 4000 900.000000
0.474426 19.173 80 4000 900.000000
0.474426 19.411 81 4000 900.000000
0.474426 19.649 82 4000 900.000000
0.474426 19.887 83 4000 900.000000
0.474426 20.125 84 4000 900.000000
0.074282 20.363 85 4000 1000.000000
0.074282 20.606 86 4000 1000.000000
0.074282 20.847 87 4000 1000.000000
0.074282 21.087 88 4000 1000.000000
0.074282 21.325 89 4000 1000.000000
0.074282 21.564 90 4000 1000.000000
0.074282 21.802 91 4000 1000.000000
0.074282 22.039 92 4000 1000.000000
0.074282 22.281 93 4000 1000.000000
0.074282 22.519 94 4000 1000.000000
0.074282 22.758 95 4000 1000.000000
0.074282 22.999 96 4000 1000.000000
0.074282 23.237 97 4000 1000.000000
0.074282 23.475 98 4000 1000.000000
0.074282 23.713 99 4000 1000.000000
0.074282 23.968 100 4000 1000.000000
