1.093340 0.240 1 4000 100.000000
0.719253 0.478 2 4000 300.000000
0.438113 0.716 3 4000 500.000000
0.413714 0.954 4 4000 600.000000
0.413714 1.192 5 4000 600.000000
0.413714 1.431 6 4000 600.000000
0.413714 1.672 7 4000 600.000000
0.413714 1.910 8 4000 600.000000
0.413714 2.148 9 4000 600.000000
0.413714 2.386 10 4000 600.000000
0.413714 2.627 11 4000 600.000000
0.413714 2.866 12 4000 600.000000
0.413714 3.104 13 4000 600.000000
0.413714 3.343 14 4000 600.000000
0.413714 3.581 15 4000 600.000000
0.413714 3.819 16 4000 600.000000
0.413714 4.059 17 4000 600.000000
0.413714 4.298 18 4000 600.000000
0.413714 4.539 19 4000 600.000000
0.413714 4.777 20 4000 600.000000
0.413714 5.015 21 4000 600.000000
0.413714 5.253 22 4000 600.000000
0.413714 5.495 23 4000 600.000000
0.413714 5.732 24 4000 600.000000
0.413714 5.970 25 4000 600.000000
0.413714 6.209 26 4000 600.000000
0.413714 6.447 27 4000 600.000000
0.413714 6.685 28 4000 600.000000
0.413714 6.923 29 4000 600.000000
0.413714 7.161 30 4000 600.000000
0.413714 7.403 31 4000 600.000000
0.413714 7.641 32 4000 600.000000
0.413714 7.881 33 4000 600.000000
0.413714 8.119 34 4000 600.000000
0.413714 8.358 35 4000 600.000000
0.413714 8.598 36 4000 600.000000
0.413714 8.836 37 4000 600.000000
0.413714 9.074 38 4000 600.000000
0.413714 9.315 39 4000 600.000000
0.413714 9.556 40 4000 600.000000
0.413714 9.794 41 4000 600.000000
0.413714 10.032 42 4000 600.000000
0.413714 10.270 43 4000 600.000000
0.413714 10.508 44 4000 600.000000
0.413714 10.746 45 4000 600.000000
0.413714 10.984 46 4000 600.000000
0.413714 11.222 47 4000 600.000000
0.413714 11.460 48 4000 600.000000
0.413714 11.699 49 4000 600.000000
0.413714 11.953 50 4000 600.000000
0.413714 12.191 51 4000 600.000000
0.413714 12.429 52 4000 600.000000
0.413714 12.668 53 4000 600.000000
0.413714 12.908 54 4000 600.000000
0.413714 13.146 55 4000 600.000000
0.413714 13.385 56 4000 600.000000
0.413714 13.626 57 4000 600.000000
0.413714 13.866 58 4000 600.000000
0.413714 14.104 59 4000 600.000000
0.413714 14.342 60 4000 600.000000
0.413714 14.581 61 4000 600.000000
0.413714 14.819 62 4000 600.000000
0.413714 15.057 63 4000 600.000000
0.413714 15.295 64 4000 600.000000
0.413714 15.533 65 4000 600.000000
0.413714 15.771 66 4000 600.000000
0.413714 16.009 67 4000 600.000000
0.413714 16.246 68 4000 600.000000
0.413714 16.484 69 4000 600.000000
0.413714 16.726 70 4000 600.000000
0.413714 16.964 71 4000 600.000000
0.413714 17.204 72 4000 600.000000
0.413714 17.442 73 4000 600.000000
0.413714 17.683 74 4000 600.000000
0.413714 17.922 75 4000 600.000000
0.413714 18.160 76 4000 600.000000
0.413714 18.398 77 4000 600.000000
0.413714 18.639 78 4000 600.000000
0.413714 18.877 79 4000 600.000000
0.413714 19.115 80 4000 600.000000
0.413714 19.353 81 4000 600.000000
0.413714 19.591 82 4000 600.000000
0.413714 19.829 83 4000 600.000000
0.413714 20.067 84 4000 600.000000
0.413714 20.305 85 4000 600.000000
0.413714 20.543 86 4000 600.000000
0.413714 20.781 87 4000 600.000000
0.413714 21.019 88 4000 600.000000
0.413714 21.259 89 4000 600.000000
0.413714 21.498 90 4000 600.000000
0.413714 21.739 91 4000 600.000000
0.413714 21.979 92 4000 600.000000
0.074282 22.217 93 4000 700.000000
0.074282 22.455 94 4000 700.000000
0.074282 22.693 95 4000 700.000000
0.074282 22.931 96 4000 700.000000
0.074282 23.172 97 4000 700.000000
0.074282 23.410 98 4000 700.000000
0.074282 23.648 99 4000 700.000000
0.074282 23.887 100 4000 700.000000
