0.775060 0.239 1 4000 200.000000
0.640128 0.479 2 4000 300.000000
0.640128 0.720 3 4000 300.000000
0.640128 0.973 4 4000 300.000000
0.640128 1.211 5 4000 300.000000
0.640128 1.450 6 4000 300.000000
0.640128 1.688 7 4000 300.000000
0.640128 1.926 8 4000 300.000000
0.640128 2.164 9 4000 300.000000
0.640128 2.406 10 4000 300.000000
0.406833 2.646 11 4000 400.000000
0.406833 2.884 12 4000 400.000000
0.406833 3.122 13 4000 400.000000
0.406833 3.360 14 4000 400.000000
0.406833 3.599 15 4000 400.000000
0.406833 3.839 16 4000 400.000000
0.406833 4.078 17 4000 400.000000
0.406833 4.319 18 4000 400.000000
0.406833 4.559 19 4000 400.000000
0.406833 4.797 20 4000 400.000000
0.406833 5.035 21 4000 400.000000
0.406833 5.274 22 4000 400.000000
0.406833 5.513 23 4000 400.000000
0.406833 5.751 24 4000 400.000000
0.406833 5.988 25 4000 400.000000
0.406833 6.227 26 4000 400.000000
0.406833 6.465 27 4000 400.000000
0.406833 6.706 28 4000 400.000000
0.406833 6.943 29 4000 400.000000
0.406833 7.182 30 4000 400.000000
0.406833 7.420 31 4000 400.000000
0.406833 7.660 32 4000 400.000000
0.406833 7.899 33 4000 400.000000
0.406833 8.137 34 4000 400.000000
0.406833 8.377 35 4000 400.000000
0.406833 8.618 36 4000 400.000000
0.406833 8.856 37 4000 400.000000
0.406833 9.098 38 4000 400.000000
0.406833 9.339 39 4000 400.000000
0.406833 9.577 40 4000 400.000000
0.406833 9.816 41 4000 400.000000
0.406833 10.054 42 4000 400.000000
0.406833 10.292 43 4000 400.000000
0.406833 10.530 44 4000 400.000000
0.406833 10.771 45 4000 400.000000
0.406833 11.009 46 4000 400.000000
0.406833 11.247 47 4000 400.000000
0.406833 11.485 48 4000 400.000000
0.406833 11.727 49 4000 400.000000
0.406833 11.965 50 4000 400.000000
0.406833 12.203 51 4000 400.000000
0.406833 12.441 52 4000 400.000000
0.406833 12.681 53 4000 400.000000
0.406833 12.920 54 4000 400.000000
0.406833 13.158 55 4000 400.000000
0.406833 13.397 56 4000 400.000000
0.406833 13.637 57 4000 400.000000
0.406833 13.875 58 4000 400.000000
0.406833 14.115 59 4000 400.000000
0.406833 14.354 60 4000 400.000000
0.406833 14.593 61 4000 400.000000
0.406833 14.831 62 4000 400.000000
0.406833 15.069 63 4000 400.000000
0.406833 15.307 64 4000 400.000000
0.406833 15.545 65 4000 400.000000
0.406833 15.782 66 4000 400.000000
0.406833 16.020 67 4000 400.000000
0.406833 16.258 68 4000 400.000000
0.406833 16.496 69 4000 400.000000
0.406833 16.736 70 4000 400.000000
0.406833 16.977 71 4000 400.000000
0.406833 17.215 72 4000 400.000000
0.406833 17.453 73 4000 400.000000
0.406833 17.692 74 4000 400.000000
0.406833 17.930 75 4000 400.000000
0.406833 18.168 76 4000 400.000000
0.406833 18.409 77 4000 400.000000
0.406833 18.651 78 4000 400.000000
0.406833 18.889 79 4000 400.000000
0.406833 19.127 80 4000 400.000000
0.406833 19.365 81 4000 400.000000
0.406833 19.603 82 4000 400.000000
0.406833 19.841 83 4000 400.000000
0.406833 20.078 84 4000 400.000000
0.406833 20.316 85 4000 400.000000
0.406833 20.557 86 4000 400.000000
0.406833 20.794 87 4000 400.000000
0.406833 21.035 88 4000 400.000000
0.406833 21.273 89 4000 400.000000
0.406833 21.511 90 4000 400.000000
0.406833 21.749 91 4000 400.000000
0.406833 21.987 92 4000 400.000000
0.406833 22.224 93 4000 400.000000
0.406833 22.462 94 4000 400.000000
0.406833 22.700 95 4000 400.000000
0.406833 22.941 96 4000 400.000000
0.406833 23.179 97 4000 400.000000
0.406833 23.417 98 4000 400.000000
0.406833 23.656 99 4000 400.000000
0.406833 23.896 100 4000 400.000000
